#                t(s)                  T(K)             M_ZFC(A/m)              M_FC(A/m)
0.200000000000000E-08 0.698000000000000E+01  0.208983511847296E+05  0.292860668900474E+06
0.400000000000002E-08 0.996000000000003E+01  0.209016542214530E+05  0.292039144516184E+06
0.599999999999997E-08 0.129400000000000E+02  0.193425275082826E+05  0.290915744496488E+06
0.799999999999992E-08 0.159199999999999E+02  0.205209364066432E+05  0.291364535432854E+06
0.999999999999988E-08 0.188999999999998E+02  0.199217371492421E+05  0.292237220717780E+06
0.119999999999998E-07 0.218799999999997E+02  0.193161233552286E+05  0.290871141184881E+06
0.139999999999998E-07 0.248599999999997E+02  0.196827208533173E+05  0.291966088016293E+06
0.159999999999999E-07 0.278399999999999E+02  0.207441638667453E+05  0.290228788825417E+06
0.180000000000002E-07 0.308200000000003E+02  0.214553109283814E+05  0.289546640689237E+06
0.200000000000005E-07 0.338000000000007E+02  0.214644901579794E+05  0.292099586419876E+06
0.220000000000008E-07 0.367800000000011E+02  0.214832903686237E+05  0.288685189598804E+06
0.240000000000010E-07 0.397600000000016E+02  0.197839915484022E+05  0.289483762647293E+06
0.260000000000013E-07 0.427400000000020E+02  0.184702496118967E+05  0.289695957648977E+06
0.280000000000016E-07 0.457200000000024E+02  0.221339428301022E+05  0.290538910988516E+06
0.300000000000018E-07 0.487000000000027E+02  0.211670886518790E+05  0.289076805528273E+06
0.320000000000014E-07 0.516800000000022E+02  0.197443822365862E+05  0.287791755651561E+06
0.340000000000011E-07 0.546600000000016E+02  0.205271334125409E+05  0.290851829369731E+06
0.360000000000007E-07 0.576400000000010E+02  0.181215532006912E+05  0.286940980704715E+06
0.380000000000003E-07 0.606200000000005E+02  0.202335243529879E+05  0.285698023953626E+06
0.399999999999999E-07 0.635999999999999E+02  0.208074375761692E+05  0.292203672579560E+06
0.419999999999995E-07 0.665799999999993E+02  0.188497457481741E+05  0.287153413113422E+06
0.439999999999992E-07 0.695599999999988E+02  0.203342974467407E+05  0.285894091233606E+06
0.459999999999988E-07 0.725399999999982E+02  0.203261982019883E+05  0.288547604226044E+06
0.479999999999984E-07 0.755199999999976E+02  0.202948622775480E+05  0.288364891429457E+06
0.499999999999980E-07 0.784999999999971E+02  0.209731135641461E+05  0.286880543149900E+06
0.519999999999977E-07 0.814799999999965E+02  0.203791307672083E+05  0.286057200415444E+06
0.539999999999973E-07 0.844599999999959E+02  0.187295457893396E+05  0.286675703345543E+06
0.559999999999969E-07 0.874399999999954E+02  0.211304938204832E+05  0.286097918242312E+06
0.579999999999965E-07 0.904199999999948E+02  0.197973252664382E+05  0.285079844206239E+06
0.599999999999961E-07 0.933999999999943E+02  0.166329512399716E+05  0.283793035543873E+06
0.619999999999958E-07 0.963799999999937E+02  0.214073777561143E+05  0.285448012237769E+06
0.639999999999954E-07 0.993599999999931E+02  0.226794243043152E+05  0.285259924422551E+06
0.659999999999950E-07 0.102339999999993E+03  0.198946338098310E+05  0.281888890348882E+06
0.679999999999946E-07 0.105319999999992E+03  0.174025032250860E+05  0.283814447829555E+06
0.699999999999942E-07 0.108299999999991E+03  0.245681870596161E+05  0.282562484428492E+06
0.719999999999939E-07 0.111279999999991E+03  0.220483509591585E+05  0.284494019283162E+06
0.739999999999935E-07 0.114259999999990E+03  0.206011164822829E+05  0.284116553809715E+06
0.759999999999931E-07 0.117239999999990E+03  0.201058398762432E+05  0.285016193195603E+06
0.779999999999927E-07 0.120219999999989E+03  0.207518182569334E+05  0.284254286000111E+06
0.799999999999924E-07 0.123199999999989E+03  0.207279107950894E+05  0.279857049350010E+06
0.819999999999920E-07 0.126179999999988E+03  0.190921026185498E+05  0.284229994418250E+06
0.839999999999916E-07 0.129159999999987E+03  0.136977381122823E+05  0.279704698171311E+06
0.859999999999912E-07 0.132139999999987E+03  0.186385688616721E+05  0.282630600335990E+06
0.879999999999908E-07 0.135119999999986E+03  0.232264711040263E+05  0.280842894408676E+06
0.899999999999905E-07 0.138099999999986E+03  0.239316679720908E+05  0.280989708505063E+06
0.919999999999901E-07 0.141079999999985E+03  0.214208113667341E+05  0.283508559407965E+06
0.939999999999897E-07 0.144059999999985E+03  0.184960104061937E+05  0.278421106043816E+06
0.959999999999893E-07 0.147039999999984E+03  0.233299383474963E+05  0.281016420860590E+06
0.979999999999889E-07 0.150019999999984E+03  0.179343869924763E+05  0.280400254975255E+06
0.999999999999886E-07 0.152999999999983E+03  0.192827541310152E+05  0.280289948075125E+06
0.101999999999988E-06 0.155979999999982E+03  0.195612970255030E+05  0.278056166687878E+06
0.103999999999988E-06 0.158959999999982E+03  0.205382678941717E+05  0.275289756025183E+06
0.105999999999987E-06 0.161939999999981E+03  0.201169362528957E+05  0.280159705334211E+06
0.107999999999987E-06 0.164919999999981E+03  0.180167805191378E+05  0.279490782048890E+06
0.109999999999987E-06 0.167899999999980E+03  0.257000512952119E+05  0.279793646103196E+06
0.111999999999986E-06 0.170879999999980E+03  0.213333064329094E+05  0.280919847465506E+06
0.113999999999986E-06 0.173859999999979E+03  0.221621058982942E+05  0.275397176772862E+06
0.115999999999986E-06 0.176839999999978E+03  0.271452215403110E+05  0.273586441015060E+06
0.117999999999985E-06 0.179819999999978E+03  0.247125594501235E+05  0.281238461718179E+06
0.119999999999986E-06 0.182799999999979E+03  0.230885981685993E+05  0.279126687200193E+06
0.121999999999988E-06 0.185779999999982E+03  0.246877539195024E+05  0.278384444176933E+06
0.123999999999990E-06 0.188759999999986E+03  0.249600402087950E+05  0.279435154074763E+06
0.125999999999993E-06 0.191739999999989E+03  0.216284404472031E+05  0.272996884197100E+06
0.127999999999995E-06 0.194719999999992E+03  0.249479072223785E+05  0.271803873410333E+06
0.129999999999997E-06 0.197699999999996E+03  0.220611621825324E+05  0.272811767684634E+06
0.131999999999999E-06 0.200679999999999E+03  0.254878274857247E+05  0.267664759560237E+06
0.134000000000002E-06 0.203660000000003E+03  0.286610654228583E+05  0.272427186597282E+06
0.136000000000004E-06 0.206640000000006E+03  0.290080042162510E+05  0.267467149090562E+06
0.138000000000006E-06 0.209620000000009E+03  0.309228289600537E+05  0.271474402556313E+06
0.140000000000009E-06 0.212600000000013E+03  0.286669231740337E+05  0.268824799493282E+06
0.142000000000011E-06 0.215580000000016E+03  0.285274319838990E+05  0.265646436664630E+06
0.144000000000013E-06 0.218560000000019E+03  0.341663931835312E+05  0.263007464640797E+06
0.146000000000015E-06 0.221540000000023E+03  0.304066121091749E+05  0.258799992605202E+06
0.148000000000018E-06 0.224520000000026E+03  0.332201682303790E+05  0.260450101902323E+06
0.150000000000020E-06 0.227500000000030E+03  0.316293028637902E+05  0.258038171547774E+06
0.152000000000022E-06 0.230480000000033E+03  0.371812612213089E+05  0.260252134356940E+06
0.154000000000024E-06 0.233460000000036E+03  0.369236776661111E+05  0.258316944108209E+06
0.156000000000027E-06 0.236440000000040E+03  0.334760606811487E+05  0.261502954116212E+06
0.158000000000029E-06 0.239420000000043E+03  0.339649607561085E+05  0.255368888442517E+06
0.160000000000031E-06 0.242400000000046E+03  0.415632637190774E+05  0.249436537660525E+06
0.162000000000033E-06 0.245380000000050E+03  0.374518733612961E+05  0.253213690910359E+06
0.164000000000036E-06 0.248360000000053E+03  0.386369784873302E+05  0.241366824947762E+06
0.166000000000038E-06 0.251340000000057E+03  0.386512603120259E+05  0.246259365648000E+06
0.168000000000040E-06 0.254320000000060E+03  0.501800442404271E+05  0.237853226508725E+06
0.170000000000043E-06 0.257300000000063E+03  0.469456939794170E+05  0.243166983753546E+06
0.172000000000045E-06 0.260280000000067E+03  0.541041347731646E+05  0.240463998545841E+06
0.174000000000047E-06 0.263260000000070E+03  0.512873288520935E+05  0.231766666080669E+06
0.176000000000049E-06 0.266240000000074E+03  0.455228463562033E+05  0.226398089337918E+06
0.178000000000052E-06 0.269220000000077E+03  0.469857104731470E+05  0.226627566860632E+06
0.180000000000054E-06 0.272200000000080E+03  0.475971101587592E+05  0.224857707287612E+06
0.182000000000056E-06 0.275180000000084E+03  0.508489111031466E+05  0.226780336874328E+06
0.184000000000058E-06 0.278160000000087E+03  0.525534847983656E+05  0.217808103761022E+06
0.186000000000061E-06 0.281140000000090E+03  0.537555394788693E+05  0.207304473016201E+06
0.188000000000063E-06 0.284120000000094E+03  0.625259316451172E+05  0.208813864229050E+06
0.190000000000065E-06 0.287100000000097E+03  0.562906498737650E+05  0.205724390766284E+06
0.192000000000067E-06 0.290080000000101E+03  0.538844326414558E+05  0.205619448118278E+06
0.194000000000070E-06 0.293060000000104E+03  0.588044502353790E+05  0.206930359767791E+06
0.196000000000072E-06 0.296040000000107E+03  0.622579696956340E+05  0.197168750124803E+06
0.198000000000074E-06 0.299020000000111E+03  0.629860621614793E+05  0.197567248939574E+06
0.200000000000077E-06 0.302000000000114E+03  0.629032034156027E+05  0.187158313706924E+06
0.202000000000079E-06 0.304980000000117E+03  0.684704214677583E+05  0.181649763671372E+06
0.204000000000081E-06 0.307960000000121E+03  0.678031057558714E+05  0.182477003524137E+06
0.206000000000083E-06 0.310940000000124E+03  0.728741547625271E+05  0.172654782951620E+06
0.208000000000086E-06 0.313920000000128E+03  0.688951051793945E+05  0.165334415437607E+06
0.210000000000088E-06 0.316900000000131E+03  0.730063694348457E+05  0.161709043374815E+06
0.212000000000090E-06 0.319880000000134E+03  0.770191534218005E+05  0.157546381826782E+06
0.214000000000092E-06 0.322860000000138E+03  0.774261960321638E+05  0.160358486516227E+06
0.216000000000095E-06 0.325840000000141E+03  0.705941761770181E+05  0.155873651483036E+06
0.218000000000097E-06 0.328820000000144E+03  0.674877037363345E+05  0.156886392436062E+06
0.220000000000099E-06 0.331800000000148E+03  0.714948142769088E+05  0.146123664582635E+06
0.222000000000101E-06 0.334780000000151E+03  0.720575833543615E+05  0.142215772361111E+06
0.224000000000104E-06 0.337760000000155E+03  0.814410611667671E+05  0.135750827561242E+06
0.226000000000106E-06 0.340740000000158E+03  0.762916302862617E+05  0.125183656043220E+06
0.228000000000108E-06 0.343720000000161E+03  0.799832634655284E+05  0.130052289797190E+06
0.230000000000111E-06 0.346700000000165E+03  0.680300656046093E+05  0.124845450089372E+06
0.232000000000113E-06 0.349680000000168E+03  0.734021541927022E+05  0.122315724389779E+06
0.234000000000115E-06 0.352660000000171E+03  0.702661749623935E+05  0.122805893245274E+06
0.236000000000117E-06 0.355640000000175E+03  0.787029746428370E+05  0.120479248704658E+06
0.238000000000120E-06 0.358620000000178E+03  0.712879200898599E+05  0.116383024013271E+06
0.240000000000122E-06 0.361600000000182E+03  0.854023886842869E+05  0.106327421399837E+06
0.242000000000124E-06 0.364580000000185E+03  0.631507834868267E+05  0.104402393570466E+06
0.244000000000126E-06 0.367560000000188E+03  0.691987496999429E+05  0.977191962062965E+05
0.246000000000129E-06 0.370540000000192E+03  0.663779176887934E+05  0.991227701308335E+05
0.248000000000131E-06 0.373520000000195E+03  0.712659592111408E+05  0.994764117110883E+05
0.250000000000133E-06 0.376500000000198E+03  0.629530139155920E+05  0.927948666633851E+05
0.252000000000136E-06 0.379480000000202E+03  0.696045334787382E+05  0.889593693960213E+05
0.254000000000138E-06 0.382460000000205E+03  0.645432459069267E+05  0.889513877276967E+05
0.256000000000140E-06 0.385440000000209E+03  0.540679536145182E+05  0.763178196207615E+05
0.258000000000142E-06 0.388420000000212E+03  0.607354603423845E+05  0.806645543934961E+05
0.260000000000145E-06 0.391400000000215E+03  0.608768883740853E+05  0.726590672434584E+05
0.262000000000147E-06 0.394380000000219E+03  0.583967394403766E+05  0.711819062498694E+05
0.264000000000149E-06 0.397360000000222E+03  0.603123462195621E+05  0.666012495895331E+05
0.266000000000151E-06 0.400340000000226E+03  0.570668377302537E+05  0.628127389888098E+05
0.268000000000154E-06 0.403320000000229E+03  0.545330639472379E+05  0.668043096721085E+05
0.270000000000156E-06 0.406300000000232E+03  0.523047782962467E+05  0.585390795394341E+05
0.272000000000158E-06 0.409280000000236E+03  0.559228515960098E+05  0.659083587981642E+05
0.274000000000160E-06 0.412260000000239E+03  0.464713224284002E+05  0.766642413134551E+05
0.276000000000163E-06 0.415240000000243E+03  0.383850988556764E+05  0.786343711844017E+05
0.278000000000165E-06 0.418220000000246E+03  0.486105813452925E+05  0.678966474398410E+05
0.280000000000167E-06 0.421200000000249E+03  0.516202957938330E+05  0.664653672074071E+05
0.282000000000170E-06 0.424180000000253E+03  0.482124221622842E+05  0.695179711445653E+05
0.284000000000172E-06 0.427160000000256E+03  0.484936129323311E+05  0.679995540595733E+05
0.286000000000174E-06 0.430140000000259E+03  0.523968805730559E+05  0.570456703686983E+05
0.288000000000176E-06 0.433120000000263E+03  0.458193006589502E+05  0.569079593012276E+05
0.290000000000179E-06 0.436100000000266E+03  0.562422836974197E+05  0.544329517306424E+05
0.292000000000181E-06 0.439080000000269E+03  0.433976092819987E+05  0.517983885874044E+05
0.294000000000183E-06 0.442060000000273E+03  0.505970297363515E+05  0.598197296093454E+05
0.296000000000185E-06 0.445040000000276E+03  0.483319075331808E+05  0.660501680278128E+05
0.298000000000188E-06 0.448020000000280E+03  0.428054731816416E+05  0.620266066041388E+05
0.300000000000190E-06 0.451000000000283E+03  0.545293615176018E+05  0.722721421761978E+05
0.302000000000192E-06 0.453980000000286E+03  0.560233276639363E+05  0.593375038227372E+05
0.304000000000194E-06 0.456960000000290E+03  0.598211238955986E+05  0.544036826043448E+05
0.306000000000197E-06 0.459940000000293E+03  0.495218448967244E+05  0.590784234705285E+05
0.308000000000199E-06 0.462920000000297E+03  0.537074834041087E+05  0.469326676551389E+05
0.310000000000201E-06 0.465900000000300E+03  0.417107727785342E+05  0.555270639244332E+05
0.312000000000204E-06 0.468880000000303E+03  0.442434471773163E+05  0.498461234645830E+05
0.314000000000206E-06 0.471860000000307E+03  0.475211543894426E+05  0.371338987511660E+05
0.316000000000208E-06 0.474840000000310E+03  0.628765002304883E+05  0.463424179515696E+05
0.318000000000210E-06 0.477820000000313E+03  0.519464766295477E+05  0.522163873136477E+05
0.320000000000213E-06 0.480800000000317E+03  0.575450862142980E+05  0.409205067351764E+05
0.322000000000215E-06 0.483780000000320E+03  0.497529072631755E+05  0.420364759944694E+05
0.324000000000217E-06 0.486760000000324E+03  0.351319199758397E+05  0.452260967811395E+05
0.326000000000219E-06 0.489740000000327E+03  0.329284898407823E+05  0.424424475280005E+05
0.328000000000222E-06 0.492720000000330E+03  0.404344200203303E+05  0.498972843944277E+05
0.330000000000224E-06 0.495700000000334E+03  0.378894760584736E+05  0.524047628840979E+05
0.332000000000226E-06 0.498680000000337E+03  0.299132333052869E+05  0.351236883640958E+05
0.334000000000228E-06 0.501660000000340E+03  0.355025295483182E+05  0.441746186406163E+05
0.336000000000231E-06 0.504640000000344E+03  0.312393467484309E+05  0.553050954355146E+05
0.338000000000233E-06 0.507620000000347E+03  0.310667162496663E+05  0.443233646545891E+05
0.340000000000235E-06 0.510600000000351E+03  0.458533542185537E+05  0.434046869093361E+05
0.342000000000238E-06 0.513580000000354E+03  0.460104956146464E+05  0.521044999695185E+05
0.344000000000240E-06 0.516560000000357E+03  0.396521099659421E+05  0.453332600958424E+05
0.346000000000242E-06 0.519540000000361E+03  0.386460464493558E+05  0.430510858081648E+05
0.348000000000244E-06 0.522520000000364E+03  0.345707924574354E+05  0.442620060601471E+05
0.350000000000247E-06 0.525500000000368E+03  0.311405098938886E+05  0.360393808431198E+05
0.352000000000249E-06 0.528480000000371E+03  0.372792270547514E+05  0.395050253536394E+05
0.354000000000251E-06 0.531460000000374E+03  0.377478293507466E+05  0.492943995697915E+05
0.356000000000253E-06 0.534440000000378E+03  0.286104311081027E+05  0.350081724371276E+05
0.358000000000256E-06 0.537420000000381E+03  0.376827565791548E+05  0.271222116190965E+05
0.360000000000258E-06 0.540400000000384E+03  0.501647155617896E+05  0.367893653618445E+05
0.362000000000260E-06 0.543380000000388E+03  0.476998949240951E+05  0.473086686074911E+05
0.364000000000263E-06 0.546360000000391E+03  0.442763714366683E+05  0.431415611884727E+05
0.366000000000265E-06 0.549340000000395E+03  0.489608625550053E+05  0.412571350929839E+05
0.368000000000267E-06 0.552320000000398E+03  0.483669872152541E+05  0.467411471498007E+05
0.370000000000269E-06 0.555300000000401E+03  0.407772487484003E+05  0.555591712869556E+05
0.372000000000272E-06 0.558280000000405E+03  0.398733285248425E+05  0.569529777077924E+05
0.374000000000274E-06 0.561260000000408E+03  0.472923983423999E+05  0.528483984864079E+05
0.376000000000276E-06 0.564240000000411E+03  0.334381923074930E+05  0.403454638752598E+05
0.378000000000278E-06 0.567220000000415E+03  0.331882308978995E+05  0.358457132028295E+05
0.380000000000281E-06 0.570200000000418E+03  0.389852901077616E+05  0.426698888507970E+05
0.382000000000283E-06 0.573180000000422E+03  0.440269131355068E+05  0.340961114078929E+05
0.384000000000285E-06 0.576160000000425E+03  0.480620259646758E+05  0.492246548676129E+05
0.386000000000287E-06 0.579140000000428E+03  0.569736884790457E+05  0.426007575005464E+05
0.388000000000290E-06 0.582120000000432E+03  0.562972675163791E+05  0.449528384982280E+05
0.390000000000292E-06 0.585100000000435E+03  0.491242408884364E+05  0.352478975787236E+05
0.392000000000294E-06 0.588080000000439E+03  0.375657301242219E+05  0.362739124578600E+05
0.394000000000297E-06 0.591060000000442E+03  0.408601116866425E+05  0.371668779262384E+05
0.396000000000299E-06 0.594040000000445E+03  0.347349130109616E+05  0.483683961248427E+05
0.398000000000301E-06 0.597020000000449E+03  0.324231283609588E+05  0.462713821599420E+05
0.400000000000303E-06 0.600000000000452E+03  0.265667338669266E+05  0.504790008728236E+05
