#                t(s)                  T(K)             M_ZFC(A/m)              M_FC(A/m)
0.200000000000000E-08 0.698000000000000E+01  0.185918000673205E+04  0.292517741132335E+06
0.400000000000002E-08 0.996000000000003E+01  0.615621643960955E+03  0.290163315838695E+06
0.599999999999997E-08 0.129400000000000E+02  0.180693282289190E+04  0.290751687334636E+06
0.799999999999992E-08 0.159199999999999E+02  0.163879116018941E+04  0.291098984414170E+06
0.999999999999988E-08 0.188999999999998E+02  0.283207710319658E+04  0.290278578834887E+06
0.119999999999998E-07 0.218799999999997E+02  0.194853451077402E+04  0.291276661117252E+06
0.139999999999998E-07 0.248599999999997E+02  0.219252137666907E+04  0.290097930173735E+06
0.159999999999999E-07 0.278399999999999E+02  0.779698147792118E+03  0.289821219128533E+06
0.180000000000002E-07 0.308200000000003E+02  0.112597574648979E+04  0.290129619348542E+06
0.200000000000005E-07 0.338000000000007E+02  0.933416670585697E+03  0.288781291171241E+06
0.220000000000008E-07 0.367800000000011E+02  0.148597722975558E+04  0.288373691371908E+06
0.240000000000010E-07 0.397600000000016E+02  0.193109199733905E+04  0.287618575407079E+06
0.260000000000013E-07 0.427400000000020E+02  0.155743488043252E+04  0.288636498683961E+06
0.280000000000016E-07 0.457200000000024E+02  0.123819141945850E+04  0.286915556791954E+06
0.300000000000018E-07 0.487000000000027E+02  0.205148973642287E+04  0.287424315331723E+06
0.320000000000014E-07 0.516800000000022E+02  0.195116170826546E+04  0.287392168910940E+06
0.340000000000011E-07 0.546600000000016E+02  0.390096289956530E+03  0.287129529820668E+06
0.360000000000007E-07 0.576400000000010E+02  0.224021429294456E+04  0.283573816251308E+06
0.380000000000003E-07 0.606200000000005E+02  0.115660550905708E+03  0.285422083057439E+06
0.399999999999999E-07 0.635999999999999E+02  0.405597228364727E+04  0.287496352345197E+06
0.419999999999995E-07 0.665799999999993E+02  0.194874194227468E+04  0.286911896647635E+06
0.439999999999992E-07 0.695599999999988E+02  0.192012935655008E+04  0.285478198465252E+06
0.459999999999988E-07 0.725399999999982E+02  0.327716068392274E+03  0.285947579391691E+06
0.479999999999984E-07 0.755199999999976E+02  0.590737109796731E+03  0.285379877357214E+06
0.499999999999980E-07 0.784999999999971E+02  0.317862783268728E+04  0.284165178710502E+06
0.519999999999977E-07 0.814799999999965E+02  0.306640615449771E+04  0.286133524392015E+06
0.539999999999973E-07 0.844599999999959E+02  0.184676935824898E+04  0.284747798836633E+06
0.559999999999969E-07 0.874399999999954E+02  0.125779481106480E+04  0.284607941335623E+06
0.579999999999965E-07 0.904199999999948E+02  0.332541312671090E+04  0.284545633631349E+06
0.599999999999961E-07 0.933999999999943E+02  0.143042273158105E+04  0.287773801020054E+06
0.619999999999958E-07 0.963799999999937E+02  0.123121752387941E+04  0.286004617085586E+06
0.639999999999954E-07 0.993599999999931E+02  0.578266292658271E+04  0.285928112553166E+06
0.659999999999950E-07 0.102339999999993E+03  0.294578690392740E+04  0.284606572833950E+06
0.679999999999946E-07 0.105319999999992E+03  0.395327871755021E+04  0.282980488973092E+06
0.699999999999942E-07 0.108299999999991E+03  0.229841350254420E+04  0.285673317313107E+06
0.719999999999939E-07 0.111279999999991E+03  0.358606399156229E+03  0.284790417863069E+06
0.739999999999935E-07 0.114259999999990E+03  0.223555062408961E+04  0.286508076420089E+06
0.759999999999931E-07 0.117239999999990E+03  0.230396063089229E+04  0.282231000693814E+06
0.779999999999927E-07 0.120219999999989E+03 -0.117881409155136E+04  0.280418460890237E+06
0.799999999999924E-07 0.123199999999989E+03  0.392336432056182E+04  0.285136198579376E+06
0.819999999999920E-07 0.126179999999988E+03  0.452710381658533E+04  0.282489350448005E+06
0.839999999999916E-07 0.129159999999987E+03  0.814940018223353E+03  0.282465268270501E+06
0.859999999999912E-07 0.132139999999987E+03  0.339961069576124E+04  0.281307591251959E+06
0.879999999999908E-07 0.135119999999986E+03  0.453701457336875E+04  0.281283868286697E+06
0.899999999999905E-07 0.138099999999986E+03  0.220701784778527E+04  0.281300515889933E+06
0.919999999999901E-07 0.141079999999985E+03  0.176900355412487E+04  0.279004828484977E+06
0.939999999999897E-07 0.144059999999985E+03  0.508058837306972E+04  0.284734931712575E+06
0.959999999999893E-07 0.147039999999984E+03  0.546939776739535E+04  0.277386715709042E+06
0.979999999999889E-07 0.150019999999984E+03  0.300793888387847E+04  0.279822949977998E+06
0.999999999999886E-07 0.152999999999983E+03 -0.614975080878859E+03  0.278552113488541E+06
0.101999999999988E-06 0.155979999999982E+03  0.666047115762794E+04  0.274913677846587E+06
0.103999999999988E-06 0.158959999999982E+03  0.205448507287109E+04  0.281053956991148E+06
0.105999999999987E-06 0.161939999999981E+03  0.262639468678739E+04  0.278563455988734E+06
0.107999999999987E-06 0.164919999999981E+03  0.556678584196571E+03  0.279689887016520E+06
0.109999999999987E-06 0.167899999999980E+03  0.773509009399630E+04  0.272668397677121E+06
0.111999999999986E-06 0.170879999999980E+03  0.462125783521488E+04  0.275102836133361E+06
0.113999999999986E-06 0.173859999999979E+03  0.385182750644211E+04  0.271988482543295E+06
0.115999999999986E-06 0.176839999999978E+03  0.135911903875584E+04  0.276783642149408E+06
0.117999999999985E-06 0.179819999999978E+03  0.317322283637336E+04  0.276146000285144E+06
0.119999999999986E-06 0.182799999999979E+03  0.205338122934607E+04  0.272019070864426E+06
0.121999999999988E-06 0.185779999999982E+03 -0.507259410994278E+03  0.275556765546752E+06
0.123999999999990E-06 0.188759999999986E+03  0.591714923214421E+04  0.274034906752996E+06
0.125999999999993E-06 0.191739999999989E+03  0.250068736899285E+04  0.277365298990732E+06
0.127999999999995E-06 0.194719999999992E+03  0.673880599880172E+04  0.276276198891282E+06
0.129999999999997E-06 0.197699999999996E+03  0.862327666008547E+04  0.272463199903877E+06
0.131999999999999E-06 0.200679999999999E+03  0.111958702124284E+05  0.273048939254148E+06
0.134000000000002E-06 0.203660000000003E+03  0.794854681211352E+04  0.269359293570455E+06
0.136000000000004E-06 0.206640000000006E+03  0.103222064944387E+05  0.271160294844678E+06
0.138000000000006E-06 0.209620000000009E+03  0.829639093346732E+04  0.268929397056261E+06
0.140000000000009E-06 0.212600000000013E+03  0.964279800787532E+04  0.263495669982184E+06
0.142000000000011E-06 0.215580000000016E+03  0.103388280824579E+05  0.263305458324890E+06
0.144000000000013E-06 0.218560000000019E+03  0.106983691810446E+05  0.264403208846847E+06
0.146000000000015E-06 0.221540000000023E+03  0.136915332282276E+05  0.269056017345276E+06
0.148000000000018E-06 0.224520000000026E+03  0.782683312114579E+04  0.255196513905114E+06
0.150000000000020E-06 0.227500000000030E+03  0.109261693243531E+05  0.259033787690146E+06
0.152000000000022E-06 0.230480000000033E+03  0.541238452502907E+04  0.252700512294900E+06
0.154000000000024E-06 0.233460000000036E+03  0.107302923695080E+05  0.251269141142623E+06
0.156000000000027E-06 0.236440000000040E+03  0.102761764087694E+05  0.251808458446868E+06
0.158000000000029E-06 0.239420000000043E+03  0.206406908842145E+05  0.251543714210252E+06
0.160000000000031E-06 0.242400000000046E+03  0.122129178268913E+05  0.244320434372899E+06
0.162000000000033E-06 0.245380000000050E+03  0.211086311234390E+05  0.246751119943858E+06
0.164000000000036E-06 0.248360000000053E+03  0.159556589208569E+05  0.247799251711936E+06
0.166000000000038E-06 0.251340000000057E+03  0.166874395603587E+05  0.242195732614840E+06
0.168000000000040E-06 0.254320000000060E+03  0.215606644183668E+05  0.239592085016598E+06
0.170000000000043E-06 0.257300000000063E+03  0.247477665320262E+05  0.235965115641364E+06
0.172000000000045E-06 0.260280000000067E+03  0.262386568029341E+05  0.235429311486978E+06
0.174000000000047E-06 0.263260000000070E+03  0.261908141601600E+05  0.231838615075689E+06
0.176000000000049E-06 0.266240000000074E+03  0.230776205155077E+05  0.234281770076759E+06
0.178000000000052E-06 0.269220000000077E+03  0.284318755846798E+05  0.223234920972034E+06
0.180000000000054E-06 0.272200000000080E+03  0.209072832951585E+05  0.222949067858555E+06
0.182000000000056E-06 0.275180000000084E+03  0.268954126973202E+05  0.215081539685162E+06
0.184000000000058E-06 0.278160000000087E+03  0.231983867120261E+05  0.215285516171020E+06
0.186000000000061E-06 0.281140000000090E+03  0.239794474674387E+05  0.214634905049393E+06
0.188000000000063E-06 0.284120000000094E+03  0.338307794902039E+05  0.210373959218099E+06
0.190000000000065E-06 0.287100000000097E+03  0.365908506488949E+05  0.212962817823589E+06
0.192000000000067E-06 0.290080000000101E+03  0.428970827437821E+05  0.205430340271190E+06
0.194000000000070E-06 0.293060000000104E+03  0.355106985236505E+05  0.201119504492336E+06
0.196000000000072E-06 0.296040000000107E+03  0.407196346377565E+05  0.191581781279484E+06
0.198000000000074E-06 0.299020000000111E+03  0.415642256844016E+05  0.184821454164577E+06
0.200000000000077E-06 0.302000000000114E+03  0.468193636187224E+05  0.180513840837635E+06
0.202000000000079E-06 0.304980000000117E+03  0.501143726744246E+05  0.188165738109231E+06
0.204000000000081E-06 0.307960000000121E+03  0.355233378922198E+05  0.178262357403312E+06
0.206000000000083E-06 0.310940000000124E+03  0.427954281584016E+05  0.182440724083654E+06
0.208000000000086E-06 0.313920000000128E+03  0.430663358672466E+05  0.175287266452682E+06
0.210000000000088E-06 0.316900000000131E+03  0.429435757929550E+05  0.175530885295969E+06
0.212000000000090E-06 0.319880000000134E+03  0.461262304268544E+05  0.161153234627932E+06
0.214000000000092E-06 0.322860000000138E+03  0.519219066330482E+05  0.158902756126398E+06
0.216000000000095E-06 0.325840000000141E+03  0.471167653585073E+05  0.152381507338757E+06
0.218000000000097E-06 0.328820000000144E+03  0.562867678679790E+05  0.144924739708339E+06
0.220000000000099E-06 0.331800000000148E+03  0.485174607680290E+05  0.136681649002203E+06
0.222000000000101E-06 0.334780000000151E+03  0.488212641380861E+05  0.141415362294432E+06
0.224000000000104E-06 0.337760000000155E+03  0.551117242443506E+05  0.139013209800304E+06
0.226000000000106E-06 0.340740000000158E+03  0.534014304155845E+05  0.127658694659081E+06
0.228000000000108E-06 0.343720000000161E+03  0.486962612117915E+05  0.122166485770037E+06
0.230000000000111E-06 0.346700000000165E+03  0.596393483465235E+05  0.113994322281042E+06
0.232000000000113E-06 0.349680000000168E+03  0.602522987564115E+05  0.119897302482449E+06
0.234000000000115E-06 0.352660000000171E+03  0.509886737828983E+05  0.113178424822103E+06
0.236000000000117E-06 0.355640000000175E+03  0.511137056171776E+05  0.113002630876689E+06
0.238000000000120E-06 0.358620000000178E+03  0.498646805490661E+05  0.109606726169868E+06
0.240000000000122E-06 0.361600000000182E+03  0.562443446318956E+05  0.105408815823299E+06
0.242000000000124E-06 0.364580000000185E+03  0.539830695954150E+05  0.993372981811998E+05
0.244000000000126E-06 0.367560000000188E+03  0.529529957257732E+05  0.100856218283094E+06
0.246000000000129E-06 0.370540000000192E+03  0.577202134697254E+05  0.929004100585542E+05
0.248000000000131E-06 0.373520000000195E+03  0.541854258350581E+05  0.953526797167266E+05
0.250000000000133E-06 0.376500000000198E+03  0.480128326540490E+05  0.937095156391186E+05
0.252000000000136E-06 0.379480000000202E+03  0.421895432287770E+05  0.847268178481159E+05
0.254000000000138E-06 0.382460000000205E+03  0.424984226282091E+05  0.777191894598025E+05
0.256000000000140E-06 0.385440000000209E+03  0.492057666117166E+05  0.742480976985991E+05
0.258000000000142E-06 0.388420000000212E+03  0.487292401048993E+05  0.679712919046762E+05
0.260000000000145E-06 0.391400000000215E+03  0.515323798466482E+05  0.614515686632906E+05
0.262000000000147E-06 0.394380000000219E+03  0.454567598161339E+05  0.542051860308318E+05
0.264000000000149E-06 0.397360000000222E+03  0.649033228146773E+05  0.480881965744992E+05
0.266000000000151E-06 0.400340000000226E+03  0.643127579015996E+05  0.387680726647104E+05
0.268000000000154E-06 0.403320000000229E+03  0.574817415120975E+05  0.551281743996730E+05
0.270000000000156E-06 0.406300000000232E+03  0.547606713850012E+05  0.528803132355806E+05
0.272000000000158E-06 0.409280000000236E+03  0.640800253251920E+05  0.496866327380059E+05
0.274000000000160E-06 0.412260000000239E+03  0.557338250208311E+05  0.499866709335374E+05
0.276000000000163E-06 0.415240000000243E+03  0.611966169777263E+05  0.578241124278195E+05
0.278000000000165E-06 0.418220000000246E+03  0.595376780761226E+05  0.512748410575358E+05
0.280000000000167E-06 0.421200000000249E+03  0.589967973322284E+05  0.588169665127209E+05
0.282000000000170E-06 0.424180000000253E+03  0.516419892142943E+05  0.495300503584258E+05
0.284000000000172E-06 0.427160000000256E+03  0.589309333116124E+05  0.560048513571562E+05
0.286000000000174E-06 0.430140000000259E+03  0.605349071317478E+05  0.478514400340725E+05
0.288000000000176E-06 0.433120000000263E+03  0.601466240764386E+05  0.511615444946651E+05
0.290000000000179E-06 0.436100000000266E+03  0.546392869122459E+05  0.596003606685840E+05
0.292000000000181E-06 0.439080000000269E+03  0.407572132276501E+05  0.575182577970526E+05
0.294000000000183E-06 0.442060000000273E+03  0.481270276527697E+05  0.513603623801035E+05
0.296000000000185E-06 0.445040000000276E+03  0.299761099528613E+05  0.486125523584882E+05
0.298000000000188E-06 0.448020000000280E+03  0.424692274380542E+05  0.393994637877584E+05
0.300000000000190E-06 0.451000000000283E+03  0.478430494908862E+05  0.342907735815581E+05
0.302000000000192E-06 0.453980000000286E+03  0.526822616054901E+05  0.343794500195254E+05
0.304000000000194E-06 0.456960000000290E+03  0.596218146370536E+05  0.389843042043304E+05
0.306000000000197E-06 0.459940000000293E+03  0.583171613230202E+05  0.460126198160492E+05
0.308000000000199E-06 0.462920000000297E+03  0.671374630631440E+05  0.433656462563143E+05
0.310000000000201E-06 0.465900000000300E+03  0.455695508899342E+05  0.555362078760877E+05
0.312000000000204E-06 0.468880000000303E+03  0.552937872017996E+05  0.529784189128173E+05
0.314000000000206E-06 0.471860000000307E+03  0.548227075050113E+05  0.458287419563417E+05
0.316000000000208E-06 0.474840000000310E+03  0.441447114164466E+05  0.555746208871955E+05
0.318000000000210E-06 0.477820000000313E+03  0.639186123491208E+05  0.466660620397215E+05
0.320000000000213E-06 0.480800000000317E+03  0.438178277909731E+05  0.495694751877230E+05
0.322000000000215E-06 0.483780000000320E+03  0.551601589971177E+05  0.451903673725773E+05
0.324000000000217E-06 0.486760000000324E+03  0.535603149961565E+05  0.423227043971659E+05
0.326000000000219E-06 0.489740000000327E+03  0.422152219456408E+05  0.416999152526591E+05
0.328000000000222E-06 0.492720000000330E+03  0.473878328279459E+05  0.213308109446910E+05
0.330000000000224E-06 0.495700000000334E+03  0.433022226182876E+05  0.128808047564307E+05
0.332000000000226E-06 0.498680000000337E+03  0.511445663086879E+05  0.117215550013242E+05
0.334000000000228E-06 0.501660000000340E+03  0.429327059497054E+05  0.150821572449162E+05
0.336000000000231E-06 0.504640000000344E+03  0.408769649964285E+05  0.227807799378308E+05
0.338000000000233E-06 0.507620000000347E+03  0.557708824316080E+05  0.299451793118655E+05
0.340000000000235E-06 0.510600000000351E+03  0.380238416128416E+05  0.383526212345235E+05
0.342000000000238E-06 0.513580000000354E+03  0.498282901549652E+05  0.390295846962850E+05
0.344000000000240E-06 0.516560000000357E+03  0.405707041182699E+05  0.399914864376186E+05
0.346000000000242E-06 0.519540000000361E+03  0.471841423363394E+05  0.539204787118488E+05
0.348000000000244E-06 0.522520000000364E+03  0.392562492474496E+05  0.429374360690122E+05
0.350000000000247E-06 0.525500000000368E+03  0.439705565298856E+05  0.265328442195875E+05
0.352000000000249E-06 0.528480000000371E+03  0.393554892473785E+05  0.160827583488856E+05
0.354000000000251E-06 0.531460000000374E+03  0.417051250656861E+05  0.226783712718101E+05
0.356000000000253E-06 0.534440000000378E+03  0.346586825722248E+05  0.281058272084573E+05
0.358000000000256E-06 0.537420000000381E+03  0.322299258342329E+05  0.405343726806796E+05
0.360000000000258E-06 0.540400000000384E+03  0.297968122346175E+05  0.388646153809620E+05
0.362000000000260E-06 0.543380000000388E+03  0.223925050319128E+05  0.380086378069477E+05
0.364000000000263E-06 0.546360000000391E+03  0.274087818161728E+05  0.453520527828833E+05
0.366000000000265E-06 0.549340000000395E+03  0.454165024612895E+05  0.443717335916045E+05
0.368000000000267E-06 0.552320000000398E+03  0.490744202483915E+05  0.417660726410098E+05
0.370000000000269E-06 0.555300000000401E+03  0.236289048615765E+05  0.416328783025743E+05
0.372000000000272E-06 0.558280000000405E+03  0.462505041713780E+05  0.539763084287096E+05
0.374000000000274E-06 0.561260000000408E+03  0.355280401137455E+05  0.489850037669226E+05
0.376000000000276E-06 0.564240000000411E+03  0.419964989590261E+05  0.490296651924035E+05
0.378000000000278E-06 0.567220000000415E+03  0.402160368599722E+05  0.405107422919933E+05
0.380000000000281E-06 0.570200000000418E+03  0.310040952302060E+05  0.438664140638582E+05
0.382000000000283E-06 0.573180000000422E+03  0.299272528494341E+05  0.542344754037313E+05
0.384000000000285E-06 0.576160000000425E+03  0.359277751805941E+05  0.481696036921210E+05
0.386000000000287E-06 0.579140000000428E+03  0.340297384944876E+05  0.377579153424645E+05
0.388000000000290E-06 0.582120000000432E+03  0.328846955376627E+05  0.341006989326395E+05
0.390000000000292E-06 0.585100000000435E+03  0.363893511820111E+05  0.329164717700640E+05
0.392000000000294E-06 0.588080000000439E+03  0.247605695619349E+05  0.306554640864315E+05
0.394000000000297E-06 0.591060000000442E+03  0.290768788755260E+05  0.303892372303345E+05
0.396000000000299E-06 0.594040000000445E+03  0.283299530753408E+05  0.246341137244233E+05
0.398000000000301E-06 0.597020000000449E+03  0.404185349929362E+05  0.359471336958503E+05
0.400000000000303E-06 0.600000000000452E+03  0.360287902270563E+05  0.344149144400544E+05
