#                t(s)                  T(K)             M_ZFC(A/m)              M_FC(A/m)
0.200000000000000E-08 0.698000000000000E+01  0.142726171902424E+05  0.293143939625961E+06
0.400000000000002E-08 0.996000000000003E+01  0.140911230451136E+05  0.292075702899100E+06
0.599999999999997E-08 0.129400000000000E+02  0.151151639360418E+05  0.293205454996842E+06
0.799999999999992E-08 0.159199999999999E+02  0.148302363829779E+05  0.291654910506822E+06
0.999999999999988E-08 0.188999999999998E+02  0.138586402813462E+05  0.291493412841127E+06
0.119999999999998E-07 0.218799999999997E+02  0.133594554580920E+05  0.290750828682401E+06
0.139999999999998E-07 0.248599999999997E+02  0.148811480703315E+05  0.292244764677069E+06
0.159999999999999E-07 0.278399999999999E+02  0.134916256661732E+05  0.290688739255516E+06
0.180000000000002E-07 0.308200000000003E+02  0.137480056691249E+05  0.289355428178064E+06
0.200000000000005E-07 0.338000000000007E+02  0.144134504253099E+05  0.292536524544154E+06
0.220000000000008E-07 0.367800000000011E+02  0.150074219365560E+05  0.290956538534174E+06
0.240000000000010E-07 0.397600000000016E+02  0.149195810016923E+05  0.290289245117472E+06
0.260000000000013E-07 0.427400000000020E+02  0.145792531571246E+05  0.290106607192631E+06
0.280000000000016E-07 0.457200000000024E+02  0.172904553885867E+05  0.290588701030390E+06
0.300000000000018E-07 0.487000000000027E+02  0.140881757784580E+05  0.288015125118242E+06
0.320000000000014E-07 0.516800000000022E+02  0.140118791846097E+05  0.288282403414245E+06
0.340000000000011E-07 0.546600000000016E+02  0.124805282495985E+05  0.289748213476695E+06
0.360000000000007E-07 0.576400000000010E+02  0.147387707384957E+05  0.288293076903869E+06
0.380000000000003E-07 0.606200000000005E+02  0.141649133966351E+05  0.286387048864169E+06
0.399999999999999E-07 0.635999999999999E+02  0.143517002487576E+05  0.288394339737781E+06
0.419999999999995E-07 0.665799999999993E+02  0.122214862612145E+05  0.286313995845621E+06
0.439999999999992E-07 0.695599999999988E+02  0.167684874515484E+05  0.284738343529028E+06
0.459999999999988E-07 0.725399999999982E+02  0.156963144503482E+05  0.290230321076216E+06
0.479999999999984E-07 0.755199999999976E+02  0.118832993298343E+05  0.284597401450580E+06
0.499999999999980E-07 0.784999999999971E+02  0.123188137048005E+05  0.286305973748324E+06
0.519999999999977E-07 0.814799999999965E+02  0.145066929164481E+05  0.287183314994307E+06
0.539999999999973E-07 0.844599999999959E+02  0.147368903899355E+05  0.288164995239631E+06
0.559999999999969E-07 0.874399999999954E+02  0.151872631670302E+05  0.289359656749397E+06
0.579999999999965E-07 0.904199999999948E+02  0.149283667598776E+05  0.287652382568767E+06
0.599999999999961E-07 0.933999999999943E+02  0.137099362926804E+05  0.286064381490956E+06
0.619999999999958E-07 0.963799999999937E+02  0.175925709111602E+05  0.287676717312626E+06
0.639999999999954E-07 0.993599999999931E+02  0.136470450888123E+05  0.287216244755615E+06
0.659999999999950E-07 0.102339999999993E+03  0.114283391404082E+05  0.283178294138962E+06
0.679999999999946E-07 0.105319999999992E+03  0.168571537071521E+05  0.285777347171124E+06
0.699999999999942E-07 0.108299999999991E+03  0.186417371980823E+05  0.281812277662441E+06
0.719999999999939E-07 0.111279999999991E+03  0.134823421404629E+05  0.283612195852691E+06
0.739999999999935E-07 0.114259999999990E+03  0.152235621118787E+05  0.280458767006439E+06
0.759999999999931E-07 0.117239999999990E+03  0.175582063883988E+05  0.285603761276388E+06
0.779999999999927E-07 0.120219999999989E+03  0.160945203318948E+05  0.283329964171532E+06
0.799999999999924E-07 0.123199999999989E+03  0.145454352134770E+05  0.285905964906509E+06
0.819999999999920E-07 0.126179999999988E+03  0.190848709597507E+05  0.278817945885636E+06
0.839999999999916E-07 0.129159999999987E+03  0.184775655558370E+05  0.278559398576613E+06
0.859999999999912E-07 0.132139999999987E+03  0.158608342769979E+05  0.276509263384948E+06
0.879999999999908E-07 0.135119999999986E+03  0.181122311796879E+05  0.284131412350144E+06
0.899999999999905E-07 0.138099999999986E+03  0.115003393231407E+05  0.283347123131595E+06
0.919999999999901E-07 0.141079999999985E+03  0.194923578469601E+05  0.279906263199439E+06
0.939999999999897E-07 0.144059999999985E+03  0.160672530404832E+05  0.282027149617625E+06
0.959999999999893E-07 0.147039999999984E+03  0.182404993498681E+05  0.280591767186285E+06
0.979999999999889E-07 0.150019999999984E+03  0.189069224246793E+05  0.279781734247788E+06
0.999999999999886E-07 0.152999999999983E+03  0.142312932990767E+05  0.278763345226142E+06
0.101999999999988E-06 0.155979999999982E+03  0.167282730796639E+05  0.281676587527811E+06
0.103999999999988E-06 0.158959999999982E+03  0.143273415451692E+05  0.279118359381494E+06
0.105999999999987E-06 0.161939999999981E+03  0.134777967724004E+05  0.277081276304812E+06
0.107999999999987E-06 0.164919999999981E+03  0.156542813130966E+05  0.276248371161431E+06
0.109999999999987E-06 0.167899999999980E+03  0.113418017800647E+05  0.278836553280279E+06
0.111999999999986E-06 0.170879999999980E+03  0.193120832541641E+05  0.278540273179511E+06
0.113999999999986E-06 0.173859999999979E+03  0.136963246706945E+05  0.276633540687246E+06
0.115999999999986E-06 0.176839999999978E+03  0.200125931641468E+05  0.279220654557905E+06
0.117999999999985E-06 0.179819999999978E+03  0.153985104497977E+05  0.277367323074563E+06
0.119999999999986E-06 0.182799999999979E+03  0.136519099658304E+05  0.272419599523533E+06
0.121999999999988E-06 0.185779999999982E+03  0.196566527142690E+05  0.277538829769278E+06
0.123999999999990E-06 0.188759999999986E+03  0.171250424284890E+05  0.277099470739726E+06
0.125999999999993E-06 0.191739999999989E+03  0.158523725039120E+05  0.275671025246117E+06
0.127999999999995E-06 0.194719999999992E+03  0.180625210705945E+05  0.275764782834361E+06
0.129999999999997E-06 0.197699999999996E+03  0.217159480176600E+05  0.274474414708544E+06
0.131999999999999E-06 0.200679999999999E+03  0.190385908427070E+05  0.271314365820479E+06
0.134000000000002E-06 0.203660000000003E+03  0.123785955466998E+05  0.271619410604741E+06
0.136000000000004E-06 0.206640000000006E+03  0.226864092125721E+05  0.272187634213486E+06
0.138000000000006E-06 0.209620000000009E+03  0.233649268881943E+05  0.269561062134906E+06
0.140000000000009E-06 0.212600000000013E+03  0.210907858923092E+05  0.266380105459361E+06
0.142000000000011E-06 0.215580000000016E+03  0.184489393030433E+05  0.261038798646558E+06
0.144000000000013E-06 0.218560000000019E+03  0.210928638515944E+05  0.262780117988789E+06
0.146000000000015E-06 0.221540000000023E+03  0.178347204708136E+05  0.260667973167025E+06
0.148000000000018E-06 0.224520000000026E+03  0.216415946073485E+05  0.257754773721749E+06
0.150000000000020E-06 0.227500000000030E+03  0.166439761412870E+05  0.260196756199884E+06
0.152000000000022E-06 0.230480000000033E+03  0.191531327210586E+05  0.257873982184310E+06
0.154000000000024E-06 0.233460000000036E+03  0.190619282070757E+05  0.255970370648706E+06
0.156000000000027E-06 0.236440000000040E+03  0.247292874509647E+05  0.252099200931447E+06
0.158000000000029E-06 0.239420000000043E+03  0.257008750636087E+05  0.255571939128749E+06
0.160000000000031E-06 0.242400000000046E+03  0.244445526904261E+05  0.251376929027981E+06
0.162000000000033E-06 0.245380000000050E+03  0.241048261831307E+05  0.249139209493081E+06
0.164000000000036E-06 0.248360000000053E+03  0.272189681469179E+05  0.246418559824381E+06
0.166000000000038E-06 0.251340000000057E+03  0.228537148384693E+05  0.241890583245820E+06
0.168000000000040E-06 0.254320000000060E+03  0.350675667234954E+05  0.237176200469227E+06
0.170000000000043E-06 0.257300000000063E+03  0.332976989890399E+05  0.235348651242822E+06
0.172000000000045E-06 0.260280000000067E+03  0.372659844706903E+05  0.236920189722080E+06
0.174000000000047E-06 0.263260000000070E+03  0.401720564437057E+05  0.230026179089961E+06
0.176000000000049E-06 0.266240000000074E+03  0.354994226268115E+05  0.228910992249289E+06
0.178000000000052E-06 0.269220000000077E+03  0.379610121232674E+05  0.227296401669752E+06
0.180000000000054E-06 0.272200000000080E+03  0.361339388367449E+05  0.225202486858011E+06
0.182000000000056E-06 0.275180000000084E+03  0.391742969996457E+05  0.221203590647773E+06
0.184000000000058E-06 0.278160000000087E+03  0.392452110796671E+05  0.218555596568460E+06
0.186000000000061E-06 0.281140000000090E+03  0.421033993184175E+05  0.215542370233123E+06
0.188000000000063E-06 0.284120000000094E+03  0.461191677677926E+05  0.211672747843212E+06
0.190000000000065E-06 0.287100000000097E+03  0.523208521273508E+05  0.209658101288598E+06
0.192000000000067E-06 0.290080000000101E+03  0.491887876607729E+05  0.204158457146440E+06
0.194000000000070E-06 0.293060000000104E+03  0.502276067930383E+05  0.197800020983016E+06
0.196000000000072E-06 0.296040000000107E+03  0.481189330637063E+05  0.185710827850570E+06
0.198000000000074E-06 0.299020000000111E+03  0.567273232384040E+05  0.183206011012099E+06
0.200000000000077E-06 0.302000000000114E+03  0.499610375601403E+05  0.186188444504844E+06
0.202000000000079E-06 0.304980000000117E+03  0.549199569243389E+05  0.175352035358416E+06
0.204000000000081E-06 0.307960000000121E+03  0.599556509239195E+05  0.175005765277230E+06
0.206000000000083E-06 0.310940000000124E+03  0.557492146297607E+05  0.165334803706164E+06
0.208000000000086E-06 0.313920000000128E+03  0.526621881252337E+05  0.163802265259842E+06
0.210000000000088E-06 0.316900000000131E+03  0.597328850084482E+05  0.151964999294230E+06
0.212000000000090E-06 0.319880000000134E+03  0.583868846035016E+05  0.149823634825763E+06
0.214000000000092E-06 0.322860000000138E+03  0.591585232919694E+05  0.137777765569601E+06
0.216000000000095E-06 0.325840000000141E+03  0.627388563883013E+05  0.139225026247754E+06
0.218000000000097E-06 0.328820000000144E+03  0.640189429812430E+05  0.129282067326006E+06
0.220000000000099E-06 0.331800000000148E+03  0.603616763059522E+05  0.125830616196550E+06
0.222000000000101E-06 0.334780000000151E+03  0.651897108101144E+05  0.114181182628157E+06
0.224000000000104E-06 0.337760000000155E+03  0.577060578609012E+05  0.119246435854425E+06
0.226000000000106E-06 0.340740000000158E+03  0.557940512019145E+05  0.112154728596089E+06
0.228000000000108E-06 0.343720000000161E+03  0.439401503789187E+05  0.111159649185176E+06
0.230000000000111E-06 0.346700000000165E+03  0.553827660906712E+05  0.108924483215921E+06
0.232000000000113E-06 0.349680000000168E+03  0.499453102321526E+05  0.117365229457061E+06
0.234000000000115E-06 0.352660000000171E+03  0.475817392944529E+05  0.107114239982555E+06
0.236000000000117E-06 0.355640000000175E+03  0.486556379356984E+05  0.988402872732397E+05
0.238000000000120E-06 0.358620000000178E+03  0.588317421127943E+05  0.108881656782527E+06
0.240000000000122E-06 0.361600000000182E+03  0.558303938261279E+05  0.107855617032903E+06
0.242000000000124E-06 0.364580000000185E+03  0.598311376268085E+05  0.101881801879957E+06
0.244000000000126E-06 0.367560000000188E+03  0.609169484942739E+05  0.904139679393064E+05
0.246000000000129E-06 0.370540000000192E+03  0.620055636236953E+05  0.866773777131093E+05
0.248000000000131E-06 0.373520000000195E+03  0.687965063063552E+05  0.845727482081822E+05
0.250000000000133E-06 0.376500000000198E+03  0.708648142241965E+05  0.837790737156354E+05
0.252000000000136E-06 0.379480000000202E+03  0.602314311741994E+05  0.769129780385862E+05
0.254000000000138E-06 0.382460000000205E+03  0.563498190497731E+05  0.702985761780196E+05
0.256000000000140E-06 0.385440000000209E+03  0.526030700613489E+05  0.771630930435058E+05
0.258000000000142E-06 0.388420000000212E+03  0.608128505390008E+05  0.856487637973818E+05
0.260000000000145E-06 0.391400000000215E+03  0.657054941992037E+05  0.683241766738786E+05
0.262000000000147E-06 0.394380000000219E+03  0.632039659479638E+05  0.628401002435171E+05
0.264000000000149E-06 0.397360000000222E+03  0.646957296939373E+05  0.686551725001146E+05
0.266000000000151E-06 0.400340000000226E+03  0.610730234468700E+05  0.573466793211816E+05
0.268000000000154E-06 0.403320000000229E+03  0.668730591571885E+05  0.694278752025907E+05
0.270000000000156E-06 0.406300000000232E+03  0.610979709789157E+05  0.666879999851189E+05
0.272000000000158E-06 0.409280000000236E+03  0.665640453284383E+05  0.653707641099374E+05
0.274000000000160E-06 0.412260000000239E+03  0.651148041642623E+05  0.602233754050619E+05
0.276000000000163E-06 0.415240000000243E+03  0.517877117835042E+05  0.713536219714838E+05
0.278000000000165E-06 0.418220000000246E+03  0.564768911629670E+05  0.640551275826075E+05
0.280000000000167E-06 0.421200000000249E+03  0.531929662933398E+05  0.650848912136484E+05
0.282000000000170E-06 0.424180000000253E+03  0.452999821644821E+05  0.593256604057327E+05
0.284000000000172E-06 0.427160000000256E+03  0.521266667684324E+05  0.671667269693161E+05
0.286000000000174E-06 0.430140000000259E+03  0.459730813179388E+05  0.623281673126559E+05
0.288000000000176E-06 0.433120000000263E+03  0.524268915692645E+05  0.561392549219835E+05
0.290000000000179E-06 0.436100000000266E+03  0.557033862408618E+05  0.595931463398516E+05
0.292000000000181E-06 0.439080000000269E+03  0.557792054512486E+05  0.669902674959583E+05
0.294000000000183E-06 0.442060000000273E+03  0.557771278086008E+05  0.532382880350615E+05
0.296000000000185E-06 0.445040000000276E+03  0.441675982377225E+05  0.585798071015301E+05
0.298000000000188E-06 0.448020000000280E+03  0.604110314023717E+05  0.514425382047331E+05
0.300000000000190E-06 0.451000000000283E+03  0.427718402776088E+05  0.489674531075629E+05
0.302000000000192E-06 0.453980000000286E+03  0.495932921000147E+05  0.525646896698714E+05
0.304000000000194E-06 0.456960000000290E+03  0.541672304092152E+05  0.456402521700490E+05
0.306000000000197E-06 0.459940000000293E+03  0.439575348557830E+05  0.594116863405965E+05
0.308000000000199E-06 0.462920000000297E+03  0.463432656932704E+05  0.451408991628755E+05
0.310000000000201E-06 0.465900000000300E+03  0.361220516886847E+05  0.537266263270905E+05
0.312000000000204E-06 0.468880000000303E+03  0.281866471087690E+05  0.611563259380473E+05
0.314000000000206E-06 0.471860000000307E+03  0.375315672343484E+05  0.518594395702915E+05
0.316000000000208E-06 0.474840000000310E+03  0.245418715959395E+05  0.599013235264391E+05
0.318000000000210E-06 0.477820000000313E+03  0.370684546290844E+05  0.506512748544978E+05
0.320000000000213E-06 0.480800000000317E+03  0.410707390405007E+05  0.488288785994228E+05
0.322000000000215E-06 0.483780000000320E+03  0.364456769256303E+05  0.454170764359965E+05
0.324000000000217E-06 0.486760000000324E+03  0.539210242579655E+05  0.441313404193694E+05
0.326000000000219E-06 0.489740000000327E+03  0.560229597788400E+05  0.605625595229205E+05
0.328000000000222E-06 0.492720000000330E+03  0.560588647663431E+05  0.507483962297014E+05
0.330000000000224E-06 0.495700000000334E+03  0.558675204544438E+05  0.500981207141786E+05
0.332000000000226E-06 0.498680000000337E+03  0.497187759461520E+05  0.530946789142700E+05
0.334000000000228E-06 0.501660000000340E+03  0.462115707607514E+05  0.437369391458867E+05
0.336000000000231E-06 0.504640000000344E+03  0.494418917527107E+05  0.496336569235171E+05
0.338000000000233E-06 0.507620000000347E+03  0.412732271771033E+05  0.503639373716385E+05
0.340000000000235E-06 0.510600000000351E+03  0.400480047468727E+05  0.534414191368510E+05
0.342000000000238E-06 0.513580000000354E+03  0.413144471670797E+05  0.593445783800964E+05
0.344000000000240E-06 0.516560000000357E+03  0.431566732430754E+05  0.619870420789584E+05
0.346000000000242E-06 0.519540000000361E+03  0.276418484409442E+05  0.583467177006496E+05
0.348000000000244E-06 0.522520000000364E+03  0.324776622932739E+05  0.519762041472743E+05
0.350000000000247E-06 0.525500000000368E+03  0.336298662572902E+05  0.539961482949350E+05
0.352000000000249E-06 0.528480000000371E+03  0.230477940167087E+05  0.449918569047935E+05
0.354000000000251E-06 0.531460000000374E+03  0.262634278634902E+05  0.381891787855565E+05
0.356000000000253E-06 0.534440000000378E+03  0.321382948254824E+05  0.373955207303000E+05
0.358000000000256E-06 0.537420000000381E+03  0.424090436358589E+05  0.383726015014296E+05
0.360000000000258E-06 0.540400000000384E+03  0.550782167157764E+05  0.478308390968059E+05
0.362000000000260E-06 0.543380000000388E+03  0.440871412211428E+05  0.425806907399259E+05
0.364000000000263E-06 0.546360000000391E+03  0.618320212267465E+05  0.469056294001471E+05
0.366000000000265E-06 0.549340000000395E+03  0.546736611850728E+05  0.426091736109256E+05
0.368000000000267E-06 0.552320000000398E+03  0.437554072954904E+05  0.428323452277312E+05
0.370000000000269E-06 0.555300000000401E+03  0.310506478926444E+05  0.377545610453222E+05
0.372000000000272E-06 0.558280000000405E+03  0.216730125592719E+05  0.394169614754861E+05
0.374000000000274E-06 0.561260000000408E+03  0.280812277770385E+05  0.370115226570232E+05
0.376000000000276E-06 0.564240000000411E+03  0.371100106695398E+05  0.391203693397603E+05
0.378000000000278E-06 0.567220000000415E+03  0.359438079709308E+05  0.473801912157520E+05
0.380000000000281E-06 0.570200000000418E+03  0.341675503645001E+05  0.446681845893091E+05
0.382000000000283E-06 0.573180000000422E+03  0.538230017792997E+05  0.488565719251384E+05
0.384000000000285E-06 0.576160000000425E+03  0.473897782563915E+05  0.314356916787957E+05
0.386000000000287E-06 0.579140000000428E+03  0.527468831869432E+05  0.376735124636957E+05
0.388000000000290E-06 0.582120000000432E+03  0.567552609261573E+05  0.439969914869675E+05
0.390000000000292E-06 0.585100000000435E+03  0.534630448201344E+05  0.341956460081093E+05
0.392000000000294E-06 0.588080000000439E+03  0.503301898232106E+05  0.346251360948506E+05
0.394000000000297E-06 0.591060000000442E+03  0.400278110406079E+05  0.499675726913672E+05
0.396000000000299E-06 0.594040000000445E+03  0.492612046090066E+05  0.502142966504065E+05
0.398000000000301E-06 0.597020000000449E+03  0.318680501124717E+05  0.556056236976061E+05
0.400000000000303E-06 0.600000000000452E+03  0.381685963106710E+05  0.379857762841126E+05
