#                t(s)                  T(K)             M_ZFC(A/m)              M_FC(A/m)
0.200000000000000E-08 0.698000000000000E+01  0.987167292280513E+04  0.289729000234472E+06
0.400000000000002E-08 0.996000000000003E+01  0.100551059262296E+05  0.289801908061230E+06
0.599999999999997E-08 0.129400000000000E+02  0.103135884373206E+05  0.289080596264293E+06
0.799999999999992E-08 0.159199999999999E+02  0.105756106637134E+05  0.288535836238621E+06
0.999999999999988E-08 0.188999999999998E+02  0.882839007373435E+04  0.290273585932529E+06
0.119999999999998E-07 0.218799999999997E+02  0.100644147457617E+05  0.288014149756533E+06
0.139999999999998E-07 0.248599999999997E+02  0.982000872725619E+04  0.288078523428272E+06
0.159999999999999E-07 0.278399999999999E+02  0.103791982883407E+05  0.289777721057987E+06
0.180000000000002E-07 0.308200000000003E+02  0.106711713244577E+05  0.288364119461037E+06
0.200000000000005E-07 0.338000000000007E+02  0.961388144845873E+04  0.288977533334773E+06
0.220000000000008E-07 0.367800000000011E+02  0.855563007817684E+04  0.286191758219707E+06
0.240000000000010E-07 0.397600000000016E+02  0.884372661777664E+04  0.287115834353962E+06
0.260000000000013E-07 0.427400000000020E+02  0.109221387238195E+05  0.285795144176802E+06
0.280000000000016E-07 0.457200000000024E+02  0.886748940916938E+04  0.285819633578570E+06
0.300000000000018E-07 0.487000000000027E+02  0.108240486561210E+05  0.286833996059442E+06
0.320000000000014E-07 0.516800000000022E+02  0.929904673822154E+04  0.287410429584084E+06
0.340000000000011E-07 0.546600000000016E+02  0.108902701430078E+05  0.285979878850895E+06
0.360000000000007E-07 0.576400000000010E+02  0.118134529578020E+05  0.284432194957910E+06
0.380000000000003E-07 0.606200000000005E+02  0.118862032014848E+05  0.286279065076008E+06
0.399999999999999E-07 0.635999999999999E+02  0.106993633604990E+05  0.285694168036444E+06
0.419999999999995E-07 0.665799999999993E+02  0.114339677927993E+05  0.286742784483387E+06
0.439999999999992E-07 0.695599999999988E+02  0.904986792271509E+04  0.286228847330351E+06
0.459999999999988E-07 0.725399999999982E+02  0.102786829997092E+05  0.284401423197181E+06
0.479999999999984E-07 0.755199999999976E+02  0.888496432415706E+04  0.283618839397542E+06
0.499999999999980E-07 0.784999999999971E+02  0.136714603962890E+05  0.284544115256333E+06
0.519999999999977E-07 0.814799999999965E+02  0.131204940128210E+05  0.284476010705218E+06
0.539999999999973E-07 0.844599999999959E+02  0.104422424790101E+05  0.282702696665716E+06
0.559999999999969E-07 0.874399999999954E+02  0.132144825340746E+05  0.284517007068189E+06
0.579999999999965E-07 0.904199999999948E+02  0.118433839759521E+05  0.283862425802854E+06
0.599999999999961E-07 0.933999999999943E+02  0.961393210060304E+04  0.285566737174499E+06
0.619999999999958E-07 0.963799999999937E+02  0.958444021156128E+04  0.284780790433001E+06
0.639999999999954E-07 0.993599999999931E+02  0.109181895407953E+05  0.280594449031857E+06
0.659999999999950E-07 0.102339999999993E+03  0.109422436887287E+05  0.279783135922612E+06
0.679999999999946E-07 0.105319999999992E+03  0.128157596322916E+05  0.282466551848023E+06
0.699999999999942E-07 0.108299999999991E+03  0.136240241236406E+05  0.285065821082893E+06
0.719999999999939E-07 0.111279999999991E+03  0.972185546980178E+04  0.280892630075227E+06
0.739999999999935E-07 0.114259999999990E+03  0.740224598613421E+04  0.282361965438988E+06
0.759999999999931E-07 0.117239999999990E+03  0.112587230686358E+05  0.280363939148637E+06
0.779999999999927E-07 0.120219999999989E+03  0.112175997649173E+05  0.282808550123394E+06
0.799999999999924E-07 0.123199999999989E+03  0.116970779034974E+05  0.277336486660045E+06
0.819999999999920E-07 0.126179999999988E+03  0.143598652607243E+05  0.278490688947842E+06
0.839999999999916E-07 0.129159999999987E+03  0.123439965530030E+05  0.275752758427094E+06
0.859999999999912E-07 0.132139999999987E+03  0.146086830182077E+05  0.277757124330475E+06
0.879999999999908E-07 0.135119999999986E+03  0.119383178573454E+05  0.283208167237167E+06
0.899999999999905E-07 0.138099999999986E+03  0.108112884938214E+05  0.278376048542735E+06
0.919999999999901E-07 0.141079999999985E+03  0.862930844531291E+04  0.279119985000703E+06
0.939999999999897E-07 0.144059999999985E+03  0.134784487050110E+05  0.280196702303279E+06
0.959999999999893E-07 0.147039999999984E+03  0.160169682982559E+05  0.277987606447342E+06
0.979999999999889E-07 0.150019999999984E+03  0.103872811875734E+05  0.277900848867972E+06
0.999999999999886E-07 0.152999999999983E+03  0.798630254512754E+04  0.276241796768020E+06
0.101999999999988E-06 0.155979999999982E+03  0.122609597862416E+05  0.276309510670937E+06
0.103999999999988E-06 0.158959999999982E+03  0.766785040940797E+04  0.275134229227357E+06
0.105999999999987E-06 0.161939999999981E+03  0.998771209005706E+04  0.278193589834016E+06
0.107999999999987E-06 0.164919999999981E+03  0.130028274194364E+05  0.276150665438851E+06
0.109999999999987E-06 0.167899999999980E+03  0.102953714557655E+05  0.274074017429636E+06
0.111999999999986E-06 0.170879999999980E+03  0.739813053729128E+04  0.274899225200386E+06
0.113999999999986E-06 0.173859999999979E+03  0.128568521936276E+05  0.275503433330266E+06
0.115999999999986E-06 0.176839999999978E+03  0.105747922581073E+05  0.273432064742583E+06
0.117999999999985E-06 0.179819999999978E+03  0.134436464151091E+05  0.273689538244784E+06
0.119999999999986E-06 0.182799999999979E+03  0.134166986108599E+05  0.275415276488155E+06
0.121999999999988E-06 0.185779999999982E+03  0.114149470818078E+05  0.268982507367173E+06
0.123999999999990E-06 0.188759999999986E+03  0.123664317862581E+05  0.273157695096358E+06
0.125999999999993E-06 0.191739999999989E+03  0.125795666575491E+05  0.275616992898603E+06
0.127999999999995E-06 0.194719999999992E+03  0.141372041660781E+05  0.273736137947602E+06
0.129999999999997E-06 0.197699999999996E+03  0.143689123219507E+05  0.272862010637316E+06
0.131999999999999E-06 0.200679999999999E+03  0.167219726828719E+05  0.267764711669212E+06
0.134000000000002E-06 0.203660000000003E+03  0.142645115365966E+05  0.266115311365611E+06
0.136000000000004E-06 0.206640000000006E+03  0.130943792998097E+05  0.268448543235933E+06
0.138000000000006E-06 0.209620000000009E+03  0.168052322474477E+05  0.265349756795339E+06
0.140000000000009E-06 0.212600000000013E+03  0.197147378556203E+05  0.264392424705187E+06
0.142000000000011E-06 0.215580000000016E+03  0.156066192860698E+05  0.265177691922298E+06
0.144000000000013E-06 0.218560000000019E+03  0.205787996080863E+05  0.267405548294512E+06
0.146000000000015E-06 0.221540000000023E+03  0.205340561402375E+05  0.262815663820003E+06
0.148000000000018E-06 0.224520000000026E+03  0.186803117622677E+05  0.263769074780522E+06
0.150000000000020E-06 0.227500000000030E+03  0.239869730836260E+05  0.261952234318382E+06
0.152000000000022E-06 0.230480000000033E+03  0.265737091364581E+05  0.256916248138177E+06
0.154000000000024E-06 0.233460000000036E+03  0.253055017584289E+05  0.251767003579972E+06
0.156000000000027E-06 0.236440000000040E+03  0.250153869075576E+05  0.254415678454864E+06
0.158000000000029E-06 0.239420000000043E+03  0.323442478563473E+05  0.253574626135026E+06
0.160000000000031E-06 0.242400000000046E+03  0.280364318298129E+05  0.251311991690337E+06
0.162000000000033E-06 0.245380000000050E+03  0.298027620717510E+05  0.250344213164367E+06
0.164000000000036E-06 0.248360000000053E+03  0.287036095016406E+05  0.245107550360940E+06
0.166000000000038E-06 0.251340000000057E+03  0.305789025928552E+05  0.244741836549480E+06
0.168000000000040E-06 0.254320000000060E+03  0.294917073651961E+05  0.245646542924878E+06
0.170000000000043E-06 0.257300000000063E+03  0.301425735301188E+05  0.240194155231071E+06
0.172000000000045E-06 0.260280000000067E+03  0.275017745558128E+05  0.236104409852833E+06
0.174000000000047E-06 0.263260000000070E+03  0.332104826887446E+05  0.238581456090650E+06
0.176000000000049E-06 0.266240000000074E+03  0.307620412231201E+05  0.229906190418679E+06
0.178000000000052E-06 0.269220000000077E+03  0.326643057903447E+05  0.228937891265760E+06
0.180000000000054E-06 0.272200000000080E+03  0.334748226278292E+05  0.229761493254841E+06
0.182000000000056E-06 0.275180000000084E+03  0.403283635384086E+05  0.223555373153021E+06
0.184000000000058E-06 0.278160000000087E+03  0.367659872731381E+05  0.222514371904062E+06
0.186000000000061E-06 0.281140000000090E+03  0.337183671142358E+05  0.209812116290184E+06
0.188000000000063E-06 0.284120000000094E+03  0.475678415487941E+05  0.207281122130946E+06
0.190000000000065E-06 0.287100000000097E+03  0.400842020197167E+05  0.209007230556692E+06
0.192000000000067E-06 0.290080000000101E+03  0.441492702899925E+05  0.203696443063790E+06
0.194000000000070E-06 0.293060000000104E+03  0.425392947337296E+05  0.194078972748659E+06
0.196000000000072E-06 0.296040000000107E+03  0.455879055522325E+05  0.191941557372040E+06
0.198000000000074E-06 0.299020000000111E+03  0.430977090637644E+05  0.183169154435537E+06
0.200000000000077E-06 0.302000000000114E+03  0.357406879304763E+05  0.179419714013376E+06
0.202000000000079E-06 0.304980000000117E+03  0.450777555906887E+05  0.170697114389521E+06
0.204000000000081E-06 0.307960000000121E+03  0.448249135618072E+05  0.174598434015610E+06
0.206000000000083E-06 0.310940000000124E+03  0.458134833167887E+05  0.170276939517790E+06
0.208000000000086E-06 0.313920000000128E+03  0.342087316096445E+05  0.167610900428884E+06
0.210000000000088E-06 0.316900000000131E+03  0.405819112972259E+05  0.157427983286180E+06
0.212000000000090E-06 0.319880000000134E+03  0.436163292011155E+05  0.154259105653852E+06
0.214000000000092E-06 0.322860000000138E+03  0.391758056405690E+05  0.154953535817450E+06
0.216000000000095E-06 0.325840000000141E+03  0.477013046510468E+05  0.147192884497908E+06
0.218000000000097E-06 0.328820000000144E+03  0.464578337379597E+05  0.141586762485055E+06
0.220000000000099E-06 0.331800000000148E+03  0.559637759424025E+05  0.145201652948894E+06
0.222000000000101E-06 0.334780000000151E+03  0.517507357417222E+05  0.142048295123857E+06
0.224000000000104E-06 0.337760000000155E+03  0.543876442662430E+05  0.131860785177315E+06
0.226000000000106E-06 0.340740000000158E+03  0.596745893744728E+05  0.132422305915193E+06
0.228000000000108E-06 0.343720000000161E+03  0.604886694164077E+05  0.118633205361047E+06
0.230000000000111E-06 0.346700000000165E+03  0.581570701058631E+05  0.114060187978832E+06
0.232000000000113E-06 0.349680000000168E+03  0.555022418501624E+05  0.106082728973152E+06
0.234000000000115E-06 0.352660000000171E+03  0.557754135481860E+05  0.999050037672207E+05
0.236000000000117E-06 0.355640000000175E+03  0.532770902819414E+05  0.938303837165420E+05
0.238000000000120E-06 0.358620000000178E+03  0.419625968807049E+05  0.954164248551081E+05
0.240000000000122E-06 0.361600000000182E+03  0.489796666972484E+05  0.913123776999808E+05
0.242000000000124E-06 0.364580000000185E+03  0.432274852700113E+05  0.914171197016988E+05
0.244000000000126E-06 0.367560000000188E+03  0.521133678928903E+05  0.900906966035638E+05
0.246000000000129E-06 0.370540000000192E+03  0.522939303277932E+05  0.936549592812233E+05
0.248000000000131E-06 0.373520000000195E+03  0.567605980897277E+05  0.825293789355663E+05
0.250000000000133E-06 0.376500000000198E+03  0.582195067054457E+05  0.804646012204017E+05
0.252000000000136E-06 0.379480000000202E+03  0.588045323897121E+05  0.715365821429656E+05
0.254000000000138E-06 0.382460000000205E+03  0.539269084350245E+05  0.682036161448699E+05
0.256000000000140E-06 0.385440000000209E+03  0.486494800978791E+05  0.702499909813663E+05
0.258000000000142E-06 0.388420000000212E+03  0.625358926727761E+05  0.766989428685296E+05
0.260000000000145E-06 0.391400000000215E+03  0.668808288929414E+05  0.727614008772681E+05
0.262000000000147E-06 0.394380000000219E+03  0.612392764706066E+05  0.627598438186561E+05
0.264000000000149E-06 0.397360000000222E+03  0.618082444104459E+05  0.590071478631545E+05
0.266000000000151E-06 0.400340000000226E+03  0.587420161147031E+05  0.542223920207663E+05
0.268000000000154E-06 0.403320000000229E+03  0.599630996385198E+05  0.645878638994363E+05
0.270000000000156E-06 0.406300000000232E+03  0.568180421659397E+05  0.544926609852409E+05
0.272000000000158E-06 0.409280000000236E+03  0.627157659989210E+05  0.553713174398864E+05
0.274000000000160E-06 0.412260000000239E+03  0.596284544226456E+05  0.483934486365249E+05
0.276000000000163E-06 0.415240000000243E+03  0.537975707926170E+05  0.481874019588637E+05
0.278000000000165E-06 0.418220000000246E+03  0.646785678654554E+05  0.544570282207968E+05
0.280000000000167E-06 0.421200000000249E+03  0.611651011443581E+05  0.616600282037823E+05
0.282000000000170E-06 0.424180000000253E+03  0.628714998686910E+05  0.527942650250489E+05
0.284000000000172E-06 0.427160000000256E+03  0.670877134056709E+05  0.454148391426504E+05
0.286000000000174E-06 0.430140000000259E+03  0.483058476559144E+05  0.530043605579287E+05
0.288000000000176E-06 0.433120000000263E+03  0.558620566302668E+05  0.466760486440816E+05
0.290000000000179E-06 0.436100000000266E+03  0.503079769807217E+05  0.407139674385416E+05
0.292000000000181E-06 0.439080000000269E+03  0.577196884740913E+05  0.426419847721583E+05
0.294000000000183E-06 0.442060000000273E+03  0.559906362188958E+05  0.471773344125977E+05
0.296000000000185E-06 0.445040000000276E+03  0.648121739112697E+05  0.550944834297542E+05
0.298000000000188E-06 0.448020000000280E+03  0.689326072716016E+05  0.424408286343614E+05
0.300000000000190E-06 0.451000000000283E+03  0.575246114346568E+05  0.509168028221069E+05
0.302000000000192E-06 0.453980000000286E+03  0.579575689067891E+05  0.512141385327992E+05
0.304000000000194E-06 0.456960000000290E+03  0.466311465020070E+05  0.555714011451666E+05
0.306000000000197E-06 0.459940000000293E+03  0.481567676704732E+05  0.720365171650104E+05
0.308000000000199E-06 0.462920000000297E+03  0.489405597803619E+05  0.484402026861057E+05
0.310000000000201E-06 0.465900000000300E+03  0.545413388685567E+05  0.513105187125091E+05
0.312000000000204E-06 0.468880000000303E+03  0.538200448057880E+05  0.540086647140771E+05
0.314000000000206E-06 0.471860000000307E+03  0.566794141589970E+05  0.503335885303416E+05
0.316000000000208E-06 0.474840000000310E+03  0.606815469286301E+05  0.449104035552680E+05
0.318000000000210E-06 0.477820000000313E+03  0.652762936551253E+05  0.444305111278981E+05
0.320000000000213E-06 0.480800000000317E+03  0.720058694200258E+05  0.541710371887729E+05
0.322000000000215E-06 0.483780000000320E+03  0.667991764094622E+05  0.449904158755897E+05
0.324000000000217E-06 0.486760000000324E+03  0.673003322080859E+05  0.448735078636378E+05
0.326000000000219E-06 0.489740000000327E+03  0.623776028569603E+05  0.523419419809037E+05
0.328000000000222E-06 0.492720000000330E+03  0.708821185519047E+05  0.412667254861459E+05
0.330000000000224E-06 0.495700000000334E+03  0.645682812525761E+05  0.384573360850503E+05
0.332000000000226E-06 0.498680000000337E+03  0.556223808100065E+05  0.388757558706807E+05
0.334000000000228E-06 0.501660000000340E+03  0.507177274258662E+05  0.505639842536302E+05
0.336000000000231E-06 0.504640000000344E+03  0.504498450036486E+05  0.558360809955200E+05
0.338000000000233E-06 0.507620000000347E+03  0.422677504111561E+05  0.467664780400276E+05
0.340000000000235E-06 0.510600000000351E+03  0.273945630631237E+05  0.483290710792317E+05
0.342000000000238E-06 0.513580000000354E+03  0.403310743238676E+05  0.484891151727823E+05
0.344000000000240E-06 0.516560000000357E+03  0.433667156143759E+05  0.400830808276107E+05
0.346000000000242E-06 0.519540000000361E+03  0.360889333400734E+05  0.266412087817171E+05
0.348000000000244E-06 0.522520000000364E+03  0.337515209503248E+05  0.296490911722607E+05
0.350000000000247E-06 0.525500000000368E+03  0.531520943518488E+05  0.438631387225090E+05
0.352000000000249E-06 0.528480000000371E+03  0.548320636727668E+05  0.441862024546331E+05
0.354000000000251E-06 0.531460000000374E+03  0.503018223728905E+05  0.479481293425392E+05
0.356000000000253E-06 0.534440000000378E+03  0.412640556039455E+05  0.423908380792814E+05
0.358000000000256E-06 0.537420000000381E+03  0.467918766007386E+05  0.495823080068783E+05
0.360000000000258E-06 0.540400000000384E+03  0.346523879844886E+05  0.349629477010596E+05
0.362000000000260E-06 0.543380000000388E+03  0.390731575135747E+05  0.318202610114690E+05
0.364000000000263E-06 0.546360000000391E+03  0.300609360713979E+05  0.310291738802403E+05
0.366000000000265E-06 0.549340000000395E+03  0.404002674389185E+05  0.398163348088086E+05
0.368000000000267E-06 0.552320000000398E+03  0.336091385577196E+05  0.436769806666029E+05
0.370000000000269E-06 0.555300000000401E+03  0.481857803193711E+05  0.426118144045591E+05
0.372000000000272E-06 0.558280000000405E+03  0.526865500751843E+05  0.413272441163929E+05
0.374000000000274E-06 0.561260000000408E+03  0.411268605195644E+05  0.498741204783773E+05
0.376000000000276E-06 0.564240000000411E+03  0.486675091527309E+05  0.324590335233565E+05
0.378000000000278E-06 0.567220000000415E+03  0.274635454680232E+05  0.315832260294984E+05
0.380000000000281E-06 0.570200000000418E+03  0.347880901296446E+05  0.413150349225267E+05
0.382000000000283E-06 0.573180000000422E+03  0.417642286434445E+05  0.363890671842553E+05
0.384000000000285E-06 0.576160000000425E+03  0.421016621935150E+05  0.308856217434232E+05
0.386000000000287E-06 0.579140000000428E+03  0.330092124248721E+05  0.322098433334322E+05
0.388000000000290E-06 0.582120000000432E+03  0.472079322492705E+05  0.288337199013281E+05
0.390000000000292E-06 0.585100000000435E+03  0.443949095694747E+05  0.314698133863717E+05
0.392000000000294E-06 0.588080000000439E+03  0.437181545836362E+05  0.263155050884907E+05
0.394000000000297E-06 0.591060000000442E+03  0.460027617486621E+05  0.291283549029730E+05
0.396000000000299E-06 0.594040000000445E+03  0.333789748797031E+05  0.283614766105373E+05
0.398000000000301E-06 0.597020000000449E+03  0.393860503852340E+05  0.307765815527457E+05
0.400000000000303E-06 0.600000000000452E+03  0.548951319103132E+05  0.316465224677602E+05
