#                t(s)                  T(K)             M_ZFC(A/m)              M_FC(A/m)
0.200000000000000E-08 0.698000000000000E+01  0.788809047910533E+04  0.292059979362042E+06
0.400000000000002E-08 0.996000000000003E+01  0.843881989601145E+04  0.292568478268984E+06
0.599999999999997E-08 0.129400000000000E+02  0.791148603354938E+04  0.291511863855505E+06
0.799999999999992E-08 0.159199999999999E+02  0.977888525931475E+04  0.290707142824344E+06
0.999999999999988E-08 0.188999999999998E+02  0.956032642317866E+04  0.291466863722727E+06
0.119999999999998E-07 0.218799999999997E+02  0.802874972319969E+04  0.290164020289531E+06
0.139999999999998E-07 0.248599999999997E+02  0.110476803057214E+05  0.289544756382779E+06
0.159999999999999E-07 0.278399999999999E+02  0.954372531901896E+04  0.291464214645240E+06
0.180000000000002E-07 0.308200000000003E+02  0.856593749753634E+04  0.289217349281101E+06
0.200000000000005E-07 0.338000000000007E+02  0.845278100298207E+04  0.291802177827231E+06
0.220000000000008E-07 0.367800000000011E+02  0.793063322245141E+04  0.288824613726504E+06
0.240000000000010E-07 0.397600000000016E+02  0.901371418640544E+04  0.290601286882541E+06
0.260000000000013E-07 0.427400000000020E+02  0.926239426776356E+04  0.288090215413248E+06
0.280000000000016E-07 0.457200000000024E+02  0.813160705507483E+04  0.289094837073260E+06
0.300000000000018E-07 0.487000000000027E+02  0.859793727838413E+04  0.288348623526258E+06
0.320000000000014E-07 0.516800000000022E+02  0.865969393931468E+04  0.287765277111997E+06
0.340000000000011E-07 0.546600000000016E+02  0.807389487825593E+04  0.288348225284888E+06
0.360000000000007E-07 0.576400000000010E+02  0.897894463710604E+04  0.286342513000894E+06
0.380000000000003E-07 0.606200000000005E+02  0.548228610234885E+04  0.287379139982323E+06
0.399999999999999E-07 0.635999999999999E+02  0.768887322895285E+04  0.288651276288866E+06
0.419999999999995E-07 0.665799999999993E+02  0.113360972505726E+05  0.286108718661475E+06
0.439999999999992E-07 0.695599999999988E+02  0.588522700478975E+04  0.287324877257382E+06
0.459999999999988E-07 0.725399999999982E+02  0.715851297214776E+04  0.288164300465118E+06
0.479999999999984E-07 0.755199999999976E+02  0.856900869665391E+04  0.285212066193107E+06
0.499999999999980E-07 0.784999999999971E+02  0.740491555802596E+04  0.286807930302073E+06
0.519999999999977E-07 0.814799999999965E+02  0.109887205195643E+05  0.284641326324580E+06
0.539999999999973E-07 0.844599999999959E+02  0.887147968975926E+04  0.284797039775526E+06
0.559999999999969E-07 0.874399999999954E+02  0.822021086711272E+04  0.282609816282504E+06
0.579999999999965E-07 0.904199999999948E+02  0.692813440492973E+04  0.284716761502954E+06
0.599999999999961E-07 0.933999999999943E+02  0.864064903809143E+04  0.283510225367424E+06
0.619999999999958E-07 0.963799999999937E+02  0.108491451666855E+05  0.285981735960951E+06
0.639999999999954E-07 0.993599999999931E+02  0.792675087483718E+04  0.285692962608526E+06
0.659999999999950E-07 0.102339999999993E+03  0.106516604914820E+05  0.286563302927411E+06
0.679999999999946E-07 0.105319999999992E+03  0.761011099021267E+04  0.284136913124515E+06
0.699999999999942E-07 0.108299999999991E+03  0.776136122435437E+04  0.283134066120463E+06
0.719999999999939E-07 0.111279999999991E+03  0.973708445783030E+04  0.282288685262344E+06
0.739999999999935E-07 0.114259999999990E+03  0.694087305129325E+04  0.283609476520500E+06
0.759999999999931E-07 0.117239999999990E+03  0.885846251854871E+04  0.281618406698944E+06
0.779999999999927E-07 0.120219999999989E+03  0.611385894381031E+04  0.282828607321717E+06
0.799999999999924E-07 0.123199999999989E+03  0.558989164038809E+04  0.283737626189895E+06
0.819999999999920E-07 0.126179999999988E+03  0.110649067724900E+05  0.283801166625128E+06
0.839999999999916E-07 0.129159999999987E+03  0.994921410162651E+04  0.282687542242914E+06
0.859999999999912E-07 0.132139999999987E+03  0.756025106025052E+04  0.277947368676764E+06
0.879999999999908E-07 0.135119999999986E+03  0.868633126523520E+04  0.281209085906179E+06
0.899999999999905E-07 0.138099999999986E+03  0.995275950333048E+04  0.280279782088516E+06
0.919999999999901E-07 0.141079999999985E+03  0.111898139281912E+05  0.281737536455245E+06
0.939999999999897E-07 0.144059999999985E+03  0.969458670276199E+04  0.277942974174696E+06
0.959999999999893E-07 0.147039999999984E+03  0.118504367302516E+05  0.280227907175857E+06
0.979999999999889E-07 0.150019999999984E+03  0.106901619092915E+05  0.284276936740885E+06
0.999999999999886E-07 0.152999999999983E+03  0.107406614858666E+05  0.277511900290116E+06
0.101999999999988E-06 0.155979999999982E+03  0.910785637057068E+04  0.278916800966031E+06
0.103999999999988E-06 0.158959999999982E+03  0.832050279264224E+04  0.278301948375771E+06
0.105999999999987E-06 0.161939999999981E+03  0.104227060373049E+05  0.280249117936359E+06
0.107999999999987E-06 0.164919999999981E+03  0.144881137646552E+05  0.280376705164743E+06
0.109999999999987E-06 0.167899999999980E+03  0.145800703571052E+05  0.278392481820364E+06
0.111999999999986E-06 0.170879999999980E+03  0.762481644089864E+04  0.278599427617278E+06
0.113999999999986E-06 0.173859999999979E+03  0.105088030899150E+05  0.277267992208622E+06
0.115999999999986E-06 0.176839999999978E+03  0.158764828975805E+05  0.273969680856129E+06
0.117999999999985E-06 0.179819999999978E+03  0.155727386482383E+05  0.275670806127733E+06
0.119999999999986E-06 0.182799999999979E+03  0.150538323321563E+05  0.278786816398100E+06
0.121999999999988E-06 0.185779999999982E+03  0.124671578647537E+05  0.278383519354439E+06
0.123999999999990E-06 0.188759999999986E+03  0.117897990927609E+05  0.279028731406141E+06
0.125999999999993E-06 0.191739999999989E+03  0.104795523266101E+05  0.275074853776114E+06
0.127999999999995E-06 0.194719999999992E+03  0.171592061700164E+05  0.270182245887540E+06
0.129999999999997E-06 0.197699999999996E+03  0.168810856626262E+05  0.276213084068787E+06
0.131999999999999E-06 0.200679999999999E+03  0.188182550063963E+05  0.273528919399470E+06
0.134000000000002E-06 0.203660000000003E+03  0.144410110965529E+05  0.277596736586527E+06
0.136000000000004E-06 0.206640000000006E+03  0.129452067915373E+05  0.276562276419967E+06
0.138000000000006E-06 0.209620000000009E+03  0.121307004969285E+05  0.268963822620069E+06
0.140000000000009E-06 0.212600000000013E+03  0.137380103890958E+05  0.272488196016914E+06
0.142000000000011E-06 0.215580000000016E+03  0.165435866156859E+05  0.268899662633934E+06
0.144000000000013E-06 0.218560000000019E+03  0.243500495849944E+05  0.265976820287303E+06
0.146000000000015E-06 0.221540000000023E+03  0.239870404691371E+05  0.264119836466855E+06
0.148000000000018E-06 0.224520000000026E+03  0.180872311232211E+05  0.266603282505453E+06
0.150000000000020E-06 0.227500000000030E+03  0.227348019768302E+05  0.264340978312935E+06
0.152000000000022E-06 0.230480000000033E+03  0.212531248047004E+05  0.264272764624584E+06
0.154000000000024E-06 0.233460000000036E+03  0.170261516410987E+05  0.261013304980818E+06
0.156000000000027E-06 0.236440000000040E+03  0.171148734662415E+05  0.256241771836190E+06
0.158000000000029E-06 0.239420000000043E+03  0.186599299379402E+05  0.259582707538979E+06
0.160000000000031E-06 0.242400000000046E+03  0.223559986280954E+05  0.248509612243615E+06
0.162000000000033E-06 0.245380000000050E+03  0.195730091185222E+05  0.243367499377071E+06
0.164000000000036E-06 0.248360000000053E+03  0.238366892890967E+05  0.245977816160267E+06
0.166000000000038E-06 0.251340000000057E+03  0.238702206555078E+05  0.245915355218909E+06
0.168000000000040E-06 0.254320000000060E+03  0.249524497267407E+05  0.240893668107979E+06
0.170000000000043E-06 0.257300000000063E+03  0.318657703403967E+05  0.237455258202192E+06
0.172000000000045E-06 0.260280000000067E+03  0.258965902636164E+05  0.236538807847464E+06
0.174000000000047E-06 0.263260000000070E+03  0.285313105113492E+05  0.238894860568102E+06
0.176000000000049E-06 0.266240000000074E+03  0.299462288269114E+05  0.230779002958337E+06
0.178000000000052E-06 0.269220000000077E+03  0.293713971625439E+05  0.232278983067225E+06
0.180000000000054E-06 0.272200000000080E+03  0.368353326979069E+05  0.227277568828507E+06
0.182000000000056E-06 0.275180000000084E+03  0.464067280401944E+05  0.227524177245040E+06
0.184000000000058E-06 0.278160000000087E+03  0.420372026203190E+05  0.224156883066354E+06
0.186000000000061E-06 0.281140000000090E+03  0.334404555642194E+05  0.217524793596107E+06
0.188000000000063E-06 0.284120000000094E+03  0.404493045708309E+05  0.216865962792543E+06
0.190000000000065E-06 0.287100000000097E+03  0.468955311521964E+05  0.216739299209846E+06
0.192000000000067E-06 0.290080000000101E+03  0.417306047447273E+05  0.219825793480592E+06
0.194000000000070E-06 0.293060000000104E+03  0.441750915167320E+05  0.209761970087104E+06
0.196000000000072E-06 0.296040000000107E+03  0.420895234552560E+05  0.201211225704868E+06
0.198000000000074E-06 0.299020000000111E+03  0.508906193161282E+05  0.193278356366958E+06
0.200000000000077E-06 0.302000000000114E+03  0.458576856592965E+05  0.188949076495819E+06
0.202000000000079E-06 0.304980000000117E+03  0.552677541927363E+05  0.189483744519896E+06
0.204000000000081E-06 0.307960000000121E+03  0.537235686833635E+05  0.186727975882463E+06
0.206000000000083E-06 0.310940000000124E+03  0.511986953784234E+05  0.187673243760815E+06
0.208000000000086E-06 0.313920000000128E+03  0.566884851590334E+05  0.182031879651583E+06
0.210000000000088E-06 0.316900000000131E+03  0.531897542400245E+05  0.172765159749341E+06
0.212000000000090E-06 0.319880000000134E+03  0.524777950639608E+05  0.159882761395309E+06
0.214000000000092E-06 0.322860000000138E+03  0.593614115483624E+05  0.155988513229803E+06
0.216000000000095E-06 0.325840000000141E+03  0.614725975380014E+05  0.157606880567123E+06
0.218000000000097E-06 0.328820000000144E+03  0.586555158209915E+05  0.141428923852559E+06
0.220000000000099E-06 0.331800000000148E+03  0.544889388727016E+05  0.131962105333902E+06
0.222000000000101E-06 0.334780000000151E+03  0.562142007301776E+05  0.131979786725407E+06
0.224000000000104E-06 0.337760000000155E+03  0.614424428052923E+05  0.124454258504647E+06
0.226000000000106E-06 0.340740000000158E+03  0.552651986418633E+05  0.126820064481765E+06
0.228000000000108E-06 0.343720000000161E+03  0.594716945534398E+05  0.120906725425819E+06
0.230000000000111E-06 0.346700000000165E+03  0.673033347431529E+05  0.124763152849204E+06
0.232000000000113E-06 0.349680000000168E+03  0.663493233517217E+05  0.114251000809910E+06
0.234000000000115E-06 0.352660000000171E+03  0.632506913337423E+05  0.109161433606185E+06
0.236000000000117E-06 0.355640000000175E+03  0.575654073452516E+05  0.109911198939473E+06
0.238000000000120E-06 0.358620000000178E+03  0.634363014122516E+05  0.113438504197443E+06
0.240000000000122E-06 0.361600000000182E+03  0.736061043174903E+05  0.120421871750544E+06
0.242000000000124E-06 0.364580000000185E+03  0.611638650587103E+05  0.110336409741627E+06
0.244000000000126E-06 0.367560000000188E+03  0.582062963008910E+05  0.110108802884548E+06
0.246000000000129E-06 0.370540000000192E+03  0.641299405836620E+05  0.105198730516121E+06
0.248000000000131E-06 0.373520000000195E+03  0.593646910412235E+05  0.100753754577930E+06
0.250000000000133E-06 0.376500000000198E+03  0.743061570931597E+05  0.980626076766907E+05
0.252000000000136E-06 0.379480000000202E+03  0.625008001473472E+05  0.858006367542126E+05
0.254000000000138E-06 0.382460000000205E+03  0.547554377238781E+05  0.923414911695155E+05
0.256000000000140E-06 0.385440000000209E+03  0.559825138890137E+05  0.830347429141409E+05
0.258000000000142E-06 0.388420000000212E+03  0.541877453954632E+05  0.727006331064275E+05
0.260000000000145E-06 0.391400000000215E+03  0.471931906553861E+05  0.658088661649880E+05
0.262000000000147E-06 0.394380000000219E+03  0.418531211848039E+05  0.682396033095804E+05
0.264000000000149E-06 0.397360000000222E+03  0.456650408055154E+05  0.697982888934280E+05
0.266000000000151E-06 0.400340000000226E+03  0.370629871572553E+05  0.723932358495355E+05
0.268000000000154E-06 0.403320000000229E+03  0.493606935292994E+05  0.727371263669535E+05
0.270000000000156E-06 0.406300000000232E+03  0.570059971604233E+05  0.653326150083261E+05
0.272000000000158E-06 0.409280000000236E+03  0.457688683195415E+05  0.709843275892344E+05
0.274000000000160E-06 0.412260000000239E+03  0.454830416835811E+05  0.615501650081979E+05
0.276000000000163E-06 0.415240000000243E+03  0.467245253176591E+05  0.658551667751994E+05
0.278000000000165E-06 0.418220000000246E+03  0.506777564131517E+05  0.667005413120529E+05
0.280000000000167E-06 0.421200000000249E+03  0.365655889887291E+05  0.561205418425230E+05
0.282000000000170E-06 0.424180000000253E+03  0.322729672469346E+05  0.548256676082337E+05
0.284000000000172E-06 0.427160000000256E+03  0.439724953606626E+05  0.652547176166794E+05
0.286000000000174E-06 0.430140000000259E+03  0.414395435463881E+05  0.615896165337880E+05
0.288000000000176E-06 0.433120000000263E+03  0.470200942388937E+05  0.645761462810461E+05
0.290000000000179E-06 0.436100000000266E+03  0.490419558665109E+05  0.567796767811512E+05
0.292000000000181E-06 0.439080000000269E+03  0.543023093534210E+05  0.492592210075761E+05
0.294000000000183E-06 0.442060000000273E+03  0.573972764611562E+05  0.529090804165359E+05
0.296000000000185E-06 0.445040000000276E+03  0.602058402831044E+05  0.530482404062107E+05
0.298000000000188E-06 0.448020000000280E+03  0.516515046058067E+05  0.517825107568472E+05
0.300000000000190E-06 0.451000000000283E+03  0.463678947113496E+05  0.448126296032713E+05
0.302000000000192E-06 0.453980000000286E+03  0.451510053103791E+05  0.395318652966248E+05
0.304000000000194E-06 0.456960000000290E+03  0.443072954295104E+05  0.335108432170672E+05
0.306000000000197E-06 0.459940000000293E+03  0.416428613518655E+05  0.422922608493433E+05
0.308000000000199E-06 0.462920000000297E+03  0.486922948079973E+05  0.472151268375227E+05
0.310000000000201E-06 0.465900000000300E+03  0.492546646676587E+05  0.516649573965161E+05
0.312000000000204E-06 0.468880000000303E+03  0.439003543278714E+05  0.520034694016208E+05
0.314000000000206E-06 0.471860000000307E+03  0.457657239163347E+05  0.391674506282552E+05
0.316000000000208E-06 0.474840000000310E+03  0.556103987044503E+05  0.349482578512788E+05
0.318000000000210E-06 0.477820000000313E+03  0.549828891418806E+05  0.420257692213606E+05
0.320000000000213E-06 0.480800000000317E+03  0.416317321122939E+05  0.550709020671925E+05
0.322000000000215E-06 0.483780000000320E+03  0.607267641673529E+05  0.552343858732510E+05
0.324000000000217E-06 0.486760000000324E+03  0.564302449021231E+05  0.536052196793724E+05
0.326000000000219E-06 0.489740000000327E+03  0.553151164583673E+05  0.433802760668430E+05
0.328000000000222E-06 0.492720000000330E+03  0.487839223449554E+05  0.609167955216407E+05
0.330000000000224E-06 0.495700000000334E+03  0.428956787107264E+05  0.451559440296421E+05
0.332000000000226E-06 0.498680000000337E+03  0.527553607219648E+05  0.464819869811226E+05
0.334000000000228E-06 0.501660000000340E+03  0.489582930444335E+05  0.445300366850623E+05
0.336000000000231E-06 0.504640000000344E+03  0.545451555858788E+05  0.434423315949833E+05
0.338000000000233E-06 0.507620000000347E+03  0.388860134641102E+05  0.392453937304866E+05
0.340000000000235E-06 0.510600000000351E+03  0.390373744514141E+05  0.404122967188124E+05
0.342000000000238E-06 0.513580000000354E+03  0.479084879547544E+05  0.267070343988392E+05
0.344000000000240E-06 0.516560000000357E+03  0.474216309429212E+05  0.207420670005669E+05
0.346000000000242E-06 0.519540000000361E+03  0.450271116016828E+05  0.284295425457068E+05
0.348000000000244E-06 0.522520000000364E+03  0.538412166280616E+05  0.229473493533069E+05
0.350000000000247E-06 0.525500000000368E+03  0.445278839050988E+05  0.333211653623307E+05
0.352000000000249E-06 0.528480000000371E+03  0.361342075354629E+05  0.254254181158195E+05
0.354000000000251E-06 0.531460000000374E+03  0.361078865423034E+05  0.249217935052073E+05
0.356000000000253E-06 0.534440000000378E+03  0.540652019418676E+05  0.300917956241085E+05
0.358000000000256E-06 0.537420000000381E+03  0.526198566869487E+05  0.255507385045895E+05
0.360000000000258E-06 0.540400000000384E+03  0.475165795565721E+05  0.237070864983196E+05
0.362000000000260E-06 0.543380000000388E+03  0.387259412317545E+05  0.386517820198245E+05
0.364000000000263E-06 0.546360000000391E+03  0.326559003550781E+05  0.266633790344205E+05
0.366000000000265E-06 0.549340000000395E+03  0.269998417943863E+05  0.236293876578762E+05
0.368000000000267E-06 0.552320000000398E+03  0.329161399570227E+05  0.247670292109390E+05
0.370000000000269E-06 0.555300000000401E+03  0.409911677856865E+05  0.344461806330825E+05
0.372000000000272E-06 0.558280000000405E+03  0.280695528449968E+05  0.377948243209768E+05
0.374000000000274E-06 0.561260000000408E+03  0.243296567100303E+05  0.261520434794200E+05
0.376000000000276E-06 0.564240000000411E+03  0.324146215513383E+05  0.236903490143371E+05
0.378000000000278E-06 0.567220000000415E+03  0.300870462371028E+05  0.268012597103949E+05
0.380000000000281E-06 0.570200000000418E+03  0.365329068234909E+05  0.277286638982215E+05
0.382000000000283E-06 0.573180000000422E+03  0.341985413422636E+05  0.259398287505212E+05
0.384000000000285E-06 0.576160000000425E+03  0.249764418215631E+05  0.232621472396737E+05
0.386000000000287E-06 0.579140000000428E+03  0.236950499438957E+05  0.352125579245229E+05
0.388000000000290E-06 0.582120000000432E+03  0.278106861173192E+05  0.366885129755766E+05
0.390000000000292E-06 0.585100000000435E+03  0.334226801280229E+05  0.270539664791836E+05
0.392000000000294E-06 0.588080000000439E+03  0.404714613573934E+05  0.346234640848708E+05
0.394000000000297E-06 0.591060000000442E+03  0.425788070879255E+05  0.383563601412101E+05
0.396000000000299E-06 0.594040000000445E+03  0.351790328172805E+05  0.344654451900891E+05
0.398000000000301E-06 0.597020000000449E+03  0.475798137407448E+05  0.439716465300688E+05
0.400000000000303E-06 0.600000000000452E+03  0.430611045213649E+05  0.590552079907788E+05
