#                t(s)                  T(K)             M_ZFC(A/m)              M_FC(A/m)
0.200000000000000E-08 0.698000000000000E+01  0.232872508898637E+05  0.295665812246770E+06
0.400000000000002E-08 0.996000000000003E+01  0.232867396752712E+05  0.294591945053974E+06
0.599999999999997E-08 0.129400000000000E+02  0.232925231803864E+05  0.295538623549412E+06
0.799999999999992E-08 0.159199999999999E+02  0.231893740537728E+05  0.294605720590813E+06
0.999999999999988E-08 0.188999999999998E+02  0.238444778646868E+05  0.294692374137008E+06
0.119999999999998E-07 0.218799999999997E+02  0.239234815195547E+05  0.294777225942232E+06
0.139999999999998E-07 0.248599999999997E+02  0.231960854004175E+05  0.294722886883141E+06
0.159999999999999E-07 0.278399999999999E+02  0.228813355754980E+05  0.292597743654276E+06
0.180000000000002E-07 0.308200000000003E+02  0.240445183789287E+05  0.293150856426620E+06
0.200000000000005E-07 0.338000000000007E+02  0.218009820863949E+05  0.293532710054301E+06
0.220000000000008E-07 0.367800000000011E+02  0.243620803368525E+05  0.294510041584516E+06
0.240000000000010E-07 0.397600000000016E+02  0.256876003387810E+05  0.291526668600262E+06
0.260000000000013E-07 0.427400000000020E+02  0.230209322769471E+05  0.290561234854222E+06
0.280000000000016E-07 0.457200000000024E+02  0.226862071223574E+05  0.292066939595945E+06
0.300000000000018E-07 0.487000000000027E+02  0.222530953117386E+05  0.289957485282832E+06
0.320000000000014E-07 0.516800000000022E+02  0.226880404181884E+05  0.291039619121886E+06
0.340000000000011E-07 0.546600000000016E+02  0.218524512962112E+05  0.290698585110099E+06
0.360000000000007E-07 0.576400000000010E+02  0.235251285147320E+05  0.293405769778236E+06
0.380000000000003E-07 0.606200000000005E+02  0.210310094922885E+05  0.289579343365281E+06
0.399999999999999E-07 0.635999999999999E+02  0.235445380847591E+05  0.291720748294020E+06
0.419999999999995E-07 0.665799999999993E+02  0.227062981231976E+05  0.293431636927631E+06
0.439999999999992E-07 0.695599999999988E+02  0.218767531602466E+05  0.289698251379420E+06
0.459999999999988E-07 0.725399999999982E+02  0.206278328974968E+05  0.291129644468966E+06
0.479999999999984E-07 0.755199999999976E+02  0.227083606557058E+05  0.290268867050998E+06
0.499999999999980E-07 0.784999999999971E+02  0.258349061882521E+05  0.289168650559282E+06
0.519999999999977E-07 0.814799999999965E+02  0.238262430669564E+05  0.288382540657845E+06
0.539999999999973E-07 0.844599999999959E+02  0.240114819131111E+05  0.290519044433400E+06
0.559999999999969E-07 0.874399999999954E+02  0.234645495976329E+05  0.289510108341540E+06
0.579999999999965E-07 0.904199999999948E+02  0.247568108177189E+05  0.287093066594833E+06
0.599999999999961E-07 0.933999999999943E+02  0.232940466289569E+05  0.288546585466988E+06
0.619999999999958E-07 0.963799999999937E+02  0.198501698274272E+05  0.288455917005034E+06
0.639999999999954E-07 0.993599999999931E+02  0.214560619922991E+05  0.285784601451745E+06
0.659999999999950E-07 0.102339999999993E+03  0.239542980097665E+05  0.285633196277644E+06
0.679999999999946E-07 0.105319999999992E+03  0.220613690568013E+05  0.290503238508800E+06
0.699999999999942E-07 0.108299999999991E+03  0.240457555391739E+05  0.284966076057294E+06
0.719999999999939E-07 0.111279999999991E+03  0.236063139005240E+05  0.288097671428505E+06
0.739999999999935E-07 0.114259999999990E+03  0.197262742588048E+05  0.287792878934879E+06
0.759999999999931E-07 0.117239999999990E+03  0.247641974662506E+05  0.285169610150829E+06
0.779999999999927E-07 0.120219999999989E+03  0.246292652982198E+05  0.287464562397035E+06
0.799999999999924E-07 0.123199999999989E+03  0.239615387342453E+05  0.285346518144821E+06
0.819999999999920E-07 0.126179999999988E+03  0.209781171047585E+05  0.284824937230431E+06
0.839999999999916E-07 0.129159999999987E+03  0.212595536829083E+05  0.286027317940079E+06
0.859999999999912E-07 0.132139999999987E+03  0.236329273974524E+05  0.284880117131405E+06
0.879999999999908E-07 0.135119999999986E+03  0.213427279599778E+05  0.284148939739442E+06
0.899999999999905E-07 0.138099999999986E+03  0.247178577228831E+05  0.284214416074740E+06
0.919999999999901E-07 0.141079999999985E+03  0.247990406063341E+05  0.285694020201351E+06
0.939999999999897E-07 0.144059999999985E+03  0.201020843965364E+05  0.284098248448204E+06
0.959999999999893E-07 0.147039999999984E+03  0.215827839210501E+05  0.282052083878114E+06
0.979999999999889E-07 0.150019999999984E+03  0.238596517018870E+05  0.279712878392935E+06
0.999999999999886E-07 0.152999999999983E+03  0.277914762496360E+05  0.287822152227644E+06
0.101999999999988E-06 0.155979999999982E+03  0.263553728958847E+05  0.283158720316481E+06
0.103999999999988E-06 0.158959999999982E+03  0.263667024840191E+05  0.279007088664395E+06
0.105999999999987E-06 0.161939999999981E+03  0.284053034247743E+05  0.280719159926184E+06
0.107999999999987E-06 0.164919999999981E+03  0.238583285509756E+05  0.283785508082690E+06
0.109999999999987E-06 0.167899999999980E+03  0.232571019321603E+05  0.284031983308949E+06
0.111999999999986E-06 0.170879999999980E+03  0.227413367580305E+05  0.275677807055772E+06
0.113999999999986E-06 0.173859999999979E+03  0.240439953945126E+05  0.280986165213326E+06
0.115999999999986E-06 0.176839999999978E+03  0.253848515890508E+05  0.280086871432245E+06
0.117999999999985E-06 0.179819999999978E+03  0.217719811217877E+05  0.274932185341628E+06
0.119999999999986E-06 0.182799999999979E+03  0.207908876216250E+05  0.277373814674915E+06
0.121999999999988E-06 0.185779999999982E+03  0.254767841504773E+05  0.276495955142638E+06
0.123999999999990E-06 0.188759999999986E+03  0.221619875638713E+05  0.275636576669412E+06
0.125999999999993E-06 0.191739999999989E+03  0.232644174258974E+05  0.279889738693149E+06
0.127999999999995E-06 0.194719999999992E+03  0.218553058336351E+05  0.273413521020435E+06
0.129999999999997E-06 0.197699999999996E+03  0.200728936604418E+05  0.270681947400075E+06
0.131999999999999E-06 0.200679999999999E+03  0.230433468225660E+05  0.273149804578457E+06
0.134000000000002E-06 0.203660000000003E+03  0.243238251936356E+05  0.270744895884326E+06
0.136000000000004E-06 0.206640000000006E+03  0.222455466482302E+05  0.277660119898439E+06
0.138000000000006E-06 0.209620000000009E+03  0.270697094847265E+05  0.268889736392111E+06
0.140000000000009E-06 0.212600000000013E+03  0.282363594149559E+05  0.269772580808064E+06
0.142000000000011E-06 0.215580000000016E+03  0.259252425088197E+05  0.266759939513232E+06
0.144000000000013E-06 0.218560000000019E+03  0.280733630667008E+05  0.269582921101105E+06
0.146000000000015E-06 0.221540000000023E+03  0.314372129974526E+05  0.269924791454602E+06
0.148000000000018E-06 0.224520000000026E+03  0.249124016021236E+05  0.265491949887906E+06
0.150000000000020E-06 0.227500000000030E+03  0.265847570664696E+05  0.256788772181375E+06
0.152000000000022E-06 0.230480000000033E+03  0.196899297517956E+05  0.257755024671230E+06
0.154000000000024E-06 0.233460000000036E+03  0.262825718796874E+05  0.259870600539924E+06
0.156000000000027E-06 0.236440000000040E+03  0.246537641438584E+05  0.254550623774355E+06
0.158000000000029E-06 0.239420000000043E+03  0.271738866937836E+05  0.254276609227405E+06
0.160000000000031E-06 0.242400000000046E+03  0.281063681955344E+05  0.256671405153546E+06
0.162000000000033E-06 0.245380000000050E+03  0.326904625503161E+05  0.249789581870407E+06
0.164000000000036E-06 0.248360000000053E+03  0.311925404292426E+05  0.254543306653684E+06
0.166000000000038E-06 0.251340000000057E+03  0.317841343028270E+05  0.249830339222148E+06
0.168000000000040E-06 0.254320000000060E+03  0.355187109285970E+05  0.248527229570327E+06
0.170000000000043E-06 0.257300000000063E+03  0.340496260902369E+05  0.246614388106261E+06
0.172000000000045E-06 0.260280000000067E+03  0.348359036432816E+05  0.241653244475626E+06
0.174000000000047E-06 0.263260000000070E+03  0.356276678348432E+05  0.243550930293199E+06
0.176000000000049E-06 0.266240000000074E+03  0.427491591129232E+05  0.237144113896430E+06
0.178000000000052E-06 0.269220000000077E+03  0.375240604362935E+05  0.233368427962552E+06
0.180000000000054E-06 0.272200000000080E+03  0.446987065954182E+05  0.230851813662166E+06
0.182000000000056E-06 0.275180000000084E+03  0.479086886051837E+05  0.222950998032246E+06
0.184000000000058E-06 0.278160000000087E+03  0.431913319287991E+05  0.212507494139496E+06
0.186000000000061E-06 0.281140000000090E+03  0.399390780534957E+05  0.228441086406412E+06
0.188000000000063E-06 0.284120000000094E+03  0.438960609526772E+05  0.216808590690578E+06
0.190000000000065E-06 0.287100000000097E+03  0.472741774609709E+05  0.212108178107545E+06
0.192000000000067E-06 0.290080000000101E+03  0.493613487180147E+05  0.211814586471429E+06
0.194000000000070E-06 0.293060000000104E+03  0.485496209729433E+05  0.201968518827086E+06
0.196000000000072E-06 0.296040000000107E+03  0.500833823233944E+05  0.196727728994285E+06
0.198000000000074E-06 0.299020000000111E+03  0.541791926766952E+05  0.196011408682220E+06
0.200000000000077E-06 0.302000000000114E+03  0.488217351167959E+05  0.189306471084466E+06
0.202000000000079E-06 0.304980000000117E+03  0.506651044286837E+05  0.183353487571659E+06
0.204000000000081E-06 0.307960000000121E+03  0.539523260039290E+05  0.182443067828647E+06
0.206000000000083E-06 0.310940000000124E+03  0.617658561744512E+05  0.171822273802654E+06
0.208000000000086E-06 0.313920000000128E+03  0.621274950448005E+05  0.165198566864044E+06
0.210000000000088E-06 0.316900000000131E+03  0.621447038172302E+05  0.167101184591182E+06
0.212000000000090E-06 0.319880000000134E+03  0.736273006296662E+05  0.164503981424598E+06
0.214000000000092E-06 0.322860000000138E+03  0.674863690026896E+05  0.157847781249381E+06
0.216000000000095E-06 0.325840000000141E+03  0.693197177347435E+05  0.151771155950839E+06
0.218000000000097E-06 0.328820000000144E+03  0.717967865535110E+05  0.147697212917285E+06
0.220000000000099E-06 0.331800000000148E+03  0.714170530119501E+05  0.143466714915820E+06
0.222000000000101E-06 0.334780000000151E+03  0.755854211149726E+05  0.135588789881628E+06
0.224000000000104E-06 0.337760000000155E+03  0.797780000688659E+05  0.138064269107940E+06
0.226000000000106E-06 0.340740000000158E+03  0.838046179194480E+05  0.133558399570654E+06
0.228000000000108E-06 0.343720000000161E+03  0.772867672248595E+05  0.124961321546459E+06
0.230000000000111E-06 0.346700000000165E+03  0.857221173229250E+05  0.120416660387913E+06
0.232000000000113E-06 0.349680000000168E+03  0.907767960273680E+05  0.118613939962237E+06
0.234000000000115E-06 0.352660000000171E+03  0.892105371622014E+05  0.120480792578904E+06
0.236000000000117E-06 0.355640000000175E+03  0.930649620266916E+05  0.112625063287235E+06
0.238000000000120E-06 0.358620000000178E+03  0.934404903934922E+05  0.107352928142454E+06
0.240000000000122E-06 0.361600000000182E+03  0.857613426145270E+05  0.100207284984764E+06
0.242000000000124E-06 0.364580000000185E+03  0.799671579173939E+05  0.101599037414311E+06
0.244000000000126E-06 0.367560000000188E+03  0.857027488348051E+05  0.105981700150822E+06
0.246000000000129E-06 0.370540000000192E+03  0.830581376992521E+05  0.101601924343531E+06
0.248000000000131E-06 0.373520000000195E+03  0.820962668478182E+05  0.830818960592493E+05
0.250000000000133E-06 0.376500000000198E+03  0.785698378272324E+05  0.942346670515115E+05
0.252000000000136E-06 0.379480000000202E+03  0.843601601234377E+05  0.906034351122251E+05
0.254000000000138E-06 0.382460000000205E+03  0.711858571989571E+05  0.844920447833721E+05
0.256000000000140E-06 0.385440000000209E+03  0.735178886944477E+05  0.760709852851422E+05
0.258000000000142E-06 0.388420000000212E+03  0.629657890244924E+05  0.780530435698552E+05
0.260000000000145E-06 0.391400000000215E+03  0.637504819941688E+05  0.770544065650224E+05
0.262000000000147E-06 0.394380000000219E+03  0.590096185333210E+05  0.740066640027263E+05
0.264000000000149E-06 0.397360000000222E+03  0.653645668821887E+05  0.694857749295260E+05
0.266000000000151E-06 0.400340000000226E+03  0.562451041400640E+05  0.755029047429173E+05
0.268000000000154E-06 0.403320000000229E+03  0.540148991360312E+05  0.787181369139865E+05
0.270000000000156E-06 0.406300000000232E+03  0.569628966646251E+05  0.784958665686599E+05
0.272000000000158E-06 0.409280000000236E+03  0.651441570573445E+05  0.761741891049966E+05
0.274000000000160E-06 0.412260000000239E+03  0.597633394873497E+05  0.745485820141276E+05
0.276000000000163E-06 0.415240000000243E+03  0.537213581679799E+05  0.843257532739956E+05
0.278000000000165E-06 0.418220000000246E+03  0.460962610986736E+05  0.678895139971785E+05
0.280000000000167E-06 0.421200000000249E+03  0.628192490618822E+05  0.780629840150513E+05
0.282000000000170E-06 0.424180000000253E+03  0.597567640969282E+05  0.775476323373476E+05
0.284000000000172E-06 0.427160000000256E+03  0.545878347674485E+05  0.578192693403890E+05
0.286000000000174E-06 0.430140000000259E+03  0.580651751020862E+05  0.670654119735382E+05
0.288000000000176E-06 0.433120000000263E+03  0.585327375289722E+05  0.678794969022239E+05
0.290000000000179E-06 0.436100000000266E+03  0.576141975484045E+05  0.637377146423794E+05
0.292000000000181E-06 0.439080000000269E+03  0.651966789753592E+05  0.577411061527852E+05
0.294000000000183E-06 0.442060000000273E+03  0.454810830297904E+05  0.636580483986955E+05
0.296000000000185E-06 0.445040000000276E+03  0.463170399846171E+05  0.594065329561912E+05
0.298000000000188E-06 0.448020000000280E+03  0.433903289992260E+05  0.535081468191498E+05
0.300000000000190E-06 0.451000000000283E+03  0.518175433091080E+05  0.555781910235345E+05
0.302000000000192E-06 0.453980000000286E+03  0.564012372052599E+05  0.533157887984939E+05
0.304000000000194E-06 0.456960000000290E+03  0.444654979499788E+05  0.490672838621855E+05
0.306000000000197E-06 0.459940000000293E+03  0.615374637500174E+05  0.408230972129894E+05
0.308000000000199E-06 0.462920000000297E+03  0.626517030606045E+05  0.412934471089567E+05
0.310000000000201E-06 0.465900000000300E+03  0.698757847205041E+05  0.534211319621632E+05
0.312000000000204E-06 0.468880000000303E+03  0.719180079169342E+05  0.502169197726201E+05
0.314000000000206E-06 0.471860000000307E+03  0.693387216338981E+05  0.515750028166445E+05
0.316000000000208E-06 0.474840000000310E+03  0.756574003557196E+05  0.501567698628566E+05
0.318000000000210E-06 0.477820000000313E+03  0.666346065661482E+05  0.495828731554691E+05
0.320000000000213E-06 0.480800000000317E+03  0.577320245286946E+05  0.536250075913085E+05
0.322000000000215E-06 0.483780000000320E+03  0.434746957213010E+05  0.600369109531757E+05
0.324000000000217E-06 0.486760000000324E+03  0.427079203077296E+05  0.483170351000173E+05
0.326000000000219E-06 0.489740000000327E+03  0.438462953858432E+05  0.614477284543171E+05
0.328000000000222E-06 0.492720000000330E+03  0.522062065485931E+05  0.681939612336806E+05
0.330000000000224E-06 0.495700000000334E+03  0.505619108454664E+05  0.611755906021201E+05
0.332000000000226E-06 0.498680000000337E+03  0.492662506248117E+05  0.389537939571170E+05
0.334000000000228E-06 0.501660000000340E+03  0.435581009487748E+05  0.517453558468795E+05
0.336000000000231E-06 0.504640000000344E+03  0.426762523705550E+05  0.522637385431509E+05
0.338000000000233E-06 0.507620000000347E+03  0.329850177218421E+05  0.510026852804608E+05
0.340000000000235E-06 0.510600000000351E+03  0.414202941175323E+05  0.514841236356810E+05
0.342000000000238E-06 0.513580000000354E+03  0.336052131364354E+05  0.449734225122506E+05
0.344000000000240E-06 0.516560000000357E+03  0.466331257004411E+05  0.476784465364918E+05
0.346000000000242E-06 0.519540000000361E+03  0.370279206143065E+05  0.417893549636747E+05
0.348000000000244E-06 0.522520000000364E+03  0.423672286451487E+05  0.487821017733753E+05
0.350000000000247E-06 0.525500000000368E+03  0.345189855965623E+05  0.380807320394787E+05
0.352000000000249E-06 0.528480000000371E+03  0.343068359869162E+05  0.305801450588367E+05
0.354000000000251E-06 0.531460000000374E+03  0.329593941139932E+05  0.409717247892778E+05
0.356000000000253E-06 0.534440000000378E+03  0.452558592065790E+05  0.548349902125395E+05
0.358000000000256E-06 0.537420000000381E+03  0.525561674985810E+05  0.412397665955668E+05
0.360000000000258E-06 0.540400000000384E+03  0.445916031897815E+05  0.427845941233093E+05
0.362000000000260E-06 0.543380000000388E+03  0.546317354231369E+05  0.378835418888797E+05
0.364000000000263E-06 0.546360000000391E+03  0.428831600662174E+05  0.340152725645924E+05
0.366000000000265E-06 0.549340000000395E+03  0.479154093074768E+05  0.430994949641532E+05
0.368000000000267E-06 0.552320000000398E+03  0.546725642287638E+05  0.407267914833576E+05
0.370000000000269E-06 0.555300000000401E+03  0.381003298630945E+05  0.366787289677648E+05
0.372000000000272E-06 0.558280000000405E+03  0.441876992163501E+05  0.390394051007719E+05
0.374000000000274E-06 0.561260000000408E+03  0.437863725591318E+05  0.360636440280317E+05
0.376000000000276E-06 0.564240000000411E+03  0.387756617169258E+05  0.377955184501728E+05
0.378000000000278E-06 0.567220000000415E+03  0.484243331105540E+05  0.432341144750226E+05
0.380000000000281E-06 0.570200000000418E+03  0.507139556554432E+05  0.366214796192420E+05
0.382000000000283E-06 0.573180000000422E+03  0.507317661741763E+05  0.459477216527622E+05
0.384000000000285E-06 0.576160000000425E+03  0.458255057303420E+05  0.304242016518076E+05
0.386000000000287E-06 0.579140000000428E+03  0.485637362253949E+05  0.349066047242071E+05
0.388000000000290E-06 0.582120000000432E+03  0.515282414935530E+05  0.255722839901886E+05
0.390000000000292E-06 0.585100000000435E+03  0.433530167657933E+05  0.395079261962219E+05
0.392000000000294E-06 0.588080000000439E+03  0.482176355792716E+05  0.482045624621134E+05
0.394000000000297E-06 0.591060000000442E+03  0.349678227272612E+05  0.435839009550054E+05
0.396000000000299E-06 0.594040000000445E+03  0.406231751317187E+05  0.331531754347766E+05
0.398000000000301E-06 0.597020000000449E+03  0.298149718015877E+05  0.299476544208931E+05
0.400000000000303E-06 0.600000000000452E+03  0.372732255621348E+05  0.365273724768902E+05
