#                t(s)                  T(K)             M_ZFC(A/m)              M_FC(A/m)
0.200000000000000E-08 0.698000000000000E+01  0.513583158659405E+04  0.299533971354967E+06
0.400000000000002E-08 0.996000000000003E+01  0.550228564244774E+04  0.298215672375035E+06
0.599999999999997E-08 0.129400000000000E+02  0.487825210378997E+04  0.298693177414896E+06
0.799999999999992E-08 0.159199999999999E+02  0.449876092534413E+04  0.297995858287625E+06
0.999999999999988E-08 0.188999999999998E+02  0.659099450225865E+04  0.299098845297162E+06
0.119999999999998E-07 0.218799999999997E+02  0.627857111796975E+04  0.297616699291446E+06
0.139999999999998E-07 0.248599999999997E+02  0.584399202417388E+04  0.297252071089588E+06
0.159999999999999E-07 0.278399999999999E+02  0.600601882104240E+04  0.296805500090142E+06
0.180000000000002E-07 0.308200000000003E+02  0.529886913918982E+04  0.298279004695659E+06
0.200000000000005E-07 0.338000000000007E+02  0.404047281576914E+04  0.297793755758189E+06
0.220000000000008E-07 0.367800000000011E+02  0.653617059969040E+04  0.296703244130117E+06
0.240000000000010E-07 0.397600000000016E+02  0.458245510878313E+04  0.297214345122169E+06
0.260000000000013E-07 0.427400000000020E+02  0.414151577707870E+04  0.296762920132456E+06
0.280000000000016E-07 0.457200000000024E+02  0.510299398920446E+04  0.296176788336673E+06
0.300000000000018E-07 0.487000000000027E+02  0.628409273106633E+04  0.294887280643178E+06
0.320000000000014E-07 0.516800000000022E+02  0.662014888850493E+04  0.296784256863151E+06
0.340000000000011E-07 0.546600000000016E+02  0.428060493322529E+04  0.295848333433713E+06
0.360000000000007E-07 0.576400000000010E+02  0.567651127350999E+04  0.295751224563512E+06
0.380000000000003E-07 0.606200000000005E+02  0.401728512554959E+04  0.292201404831838E+06
0.399999999999999E-07 0.635999999999999E+02  0.332399559903958E+04  0.293990652989646E+06
0.419999999999995E-07 0.665799999999993E+02  0.562857656273539E+04  0.293528995309060E+06
0.439999999999992E-07 0.695599999999988E+02  0.616703388036129E+04  0.293247456336434E+06
0.459999999999988E-07 0.725399999999982E+02  0.539399009781326E+04  0.293712480195515E+06
0.479999999999984E-07 0.755199999999976E+02  0.655779244469259E+04  0.294462993963140E+06
0.499999999999980E-07 0.784999999999971E+02  0.470855702581302E+04  0.293098152572272E+06
0.519999999999977E-07 0.814799999999965E+02  0.149861616688948E+04  0.292153768037786E+06
0.539999999999973E-07 0.844599999999959E+02  0.464387393548357E+04  0.292504259770798E+06
0.559999999999969E-07 0.874399999999954E+02  0.519157851124463E+04  0.292425032153104E+06
0.579999999999965E-07 0.904199999999948E+02  0.413576496518913E+04  0.291441529340441E+06
0.599999999999961E-07 0.933999999999943E+02  0.408098512519094E+04  0.292503338150952E+06
0.619999999999958E-07 0.963799999999937E+02  0.847768389848800E+04  0.291375570451968E+06
0.639999999999954E-07 0.993599999999931E+02  0.953135334201326E+04  0.293014011860758E+06
0.659999999999950E-07 0.102339999999993E+03  0.462833253345117E+04  0.288101538706560E+06
0.679999999999946E-07 0.105319999999992E+03  0.492375268589361E+04  0.290675567345430E+06
0.699999999999942E-07 0.108299999999991E+03  0.728558428266855E+04  0.290882813165820E+06
0.719999999999939E-07 0.111279999999991E+03  0.749952815805043E+04  0.292099063771696E+06
0.739999999999935E-07 0.114259999999990E+03  0.669810696804049E+04  0.290142370897771E+06
0.759999999999931E-07 0.117239999999990E+03  0.104415584218212E+05  0.288727038425858E+06
0.779999999999927E-07 0.120219999999989E+03  0.728420404005626E+04  0.286849202532157E+06
0.799999999999924E-07 0.123199999999989E+03  0.644167975666285E+04  0.287694172105171E+06
0.819999999999920E-07 0.126179999999988E+03  0.892548457137344E+04  0.285873170340847E+06
0.839999999999916E-07 0.129159999999987E+03  0.503313286025544E+04  0.288950913150604E+06
0.859999999999912E-07 0.132139999999987E+03  0.641241817152487E+04  0.289034297244027E+06
0.879999999999908E-07 0.135119999999986E+03  0.395947105604823E+04  0.287240019632218E+06
0.899999999999905E-07 0.138099999999986E+03  0.297569291265384E+04  0.288864383196218E+06
0.919999999999901E-07 0.141079999999985E+03  0.399417659984113E+04  0.288488969129541E+06
0.939999999999897E-07 0.144059999999985E+03  0.852965827634413E+04  0.286149310894000E+06
0.959999999999893E-07 0.147039999999984E+03  0.717900691860986E+04  0.287687113804976E+06
0.979999999999889E-07 0.150019999999984E+03  0.704944076320728E+04  0.285943919401158E+06
0.999999999999886E-07 0.152999999999983E+03  0.586192917431571E+04  0.288893422446694E+06
0.101999999999988E-06 0.155979999999982E+03  0.875761240490234E+04  0.280888097062273E+06
0.103999999999988E-06 0.158959999999982E+03  0.547002879795856E+04  0.282999424987051E+06
0.105999999999987E-06 0.161939999999981E+03  0.114666807189615E+05  0.287531826785177E+06
0.107999999999987E-06 0.164919999999981E+03  0.617095403858402E+04  0.278754438588150E+06
0.109999999999987E-06 0.167899999999980E+03  0.125192103876958E+03  0.281782930108687E+06
0.111999999999986E-06 0.170879999999980E+03  0.566917001155447E+04  0.282886634798872E+06
0.113999999999986E-06 0.173859999999979E+03  0.676326130565282E+04  0.281043033113041E+06
0.115999999999986E-06 0.176839999999978E+03  0.292406614833482E+04  0.283795927274243E+06
0.117999999999985E-06 0.179819999999978E+03  0.102788063484813E+05  0.281140441183914E+06
0.119999999999986E-06 0.182799999999979E+03  0.320325771368627E+04  0.280246942868383E+06
0.121999999999988E-06 0.185779999999982E+03  0.812679742863112E+04  0.284087171042670E+06
0.123999999999990E-06 0.188759999999986E+03  0.825390992905462E+04  0.280338612640419E+06
0.125999999999993E-06 0.191739999999989E+03  0.439236058267573E+04  0.285808138111726E+06
0.127999999999995E-06 0.194719999999992E+03  0.882736757260429E+04  0.283239477074344E+06
0.129999999999997E-06 0.197699999999996E+03  0.120658233618402E+05  0.281962882363322E+06
0.131999999999999E-06 0.200679999999999E+03  0.619212870242240E+04  0.284706660911613E+06
0.134000000000002E-06 0.203660000000003E+03  0.595124352334991E+04  0.277325214579227E+06
0.136000000000004E-06 0.206640000000006E+03  0.170448751566233E+04  0.281026529480828E+06
0.138000000000006E-06 0.209620000000009E+03  0.240026284758085E+04  0.277045613962545E+06
0.140000000000009E-06 0.212600000000013E+03  0.979127777026990E+04  0.274987869534094E+06
0.142000000000011E-06 0.215580000000016E+03  0.639995629667795E+04  0.277235675440335E+06
0.144000000000013E-06 0.218560000000019E+03  0.837929881073063E+04  0.269045751980348E+06
0.146000000000015E-06 0.221540000000023E+03  0.912420397032341E+04  0.272298885677007E+06
0.148000000000018E-06 0.224520000000026E+03  0.436423952793884E+04  0.272847539588635E+06
0.150000000000020E-06 0.227500000000030E+03  0.727452599530503E+04  0.270424886425103E+06
0.152000000000022E-06 0.230480000000033E+03  0.118692344993822E+05  0.265441875320478E+06
0.154000000000024E-06 0.233460000000036E+03  0.725246913168403E+04  0.264886015652954E+06
0.156000000000027E-06 0.236440000000040E+03  0.966229458980699E+04  0.262236496345583E+06
0.158000000000029E-06 0.239420000000043E+03  0.101759345089576E+05  0.254251907373602E+06
0.160000000000031E-06 0.242400000000046E+03  0.109145696412782E+05  0.250332044716403E+06
0.162000000000033E-06 0.245380000000050E+03  0.139401431026330E+05  0.254783354773077E+06
0.164000000000036E-06 0.248360000000053E+03  0.224791662605327E+05  0.249119184008598E+06
0.166000000000038E-06 0.251340000000057E+03  0.147747794130839E+05  0.251181277660844E+06
0.168000000000040E-06 0.254320000000060E+03  0.153790062950802E+05  0.247599355296780E+06
0.170000000000043E-06 0.257300000000063E+03  0.174304470671863E+05  0.246690699391038E+06
0.172000000000045E-06 0.260280000000067E+03  0.191249274495292E+05  0.248334917612916E+06
0.174000000000047E-06 0.263260000000070E+03  0.216949994055380E+05  0.249322156656690E+06
0.176000000000049E-06 0.266240000000074E+03  0.267456896059898E+05  0.248055972824638E+06
0.178000000000052E-06 0.269220000000077E+03  0.246652052640534E+05  0.239030804825791E+06
0.180000000000054E-06 0.272200000000080E+03  0.212104778565536E+05  0.238888965103090E+06
0.182000000000056E-06 0.275180000000084E+03  0.277014439878167E+05  0.233362501984119E+06
0.184000000000058E-06 0.278160000000087E+03  0.404690049255863E+05  0.227652882551804E+06
0.186000000000061E-06 0.281140000000090E+03  0.377743433636550E+05  0.221566697957048E+06
0.188000000000063E-06 0.284120000000094E+03  0.387212666927996E+05  0.217137144678454E+06
0.190000000000065E-06 0.287100000000097E+03  0.340895022154420E+05  0.216133569593016E+06
0.192000000000067E-06 0.290080000000101E+03  0.380288436350810E+05  0.208516777866649E+06
0.194000000000070E-06 0.293060000000104E+03  0.418320745259014E+05  0.207794226227247E+06
0.196000000000072E-06 0.296040000000107E+03  0.468499481728955E+05  0.202205191651043E+06
0.198000000000074E-06 0.299020000000111E+03  0.406316169126178E+05  0.194722139379711E+06
0.200000000000077E-06 0.302000000000114E+03  0.461331739086609E+05  0.188582277696269E+06
0.202000000000079E-06 0.304980000000117E+03  0.461031601689741E+05  0.186484238989179E+06
0.204000000000081E-06 0.307960000000121E+03  0.458812035739668E+05  0.186445285897141E+06
0.206000000000083E-06 0.310940000000124E+03  0.456841974295475E+05  0.184674928680062E+06
0.208000000000086E-06 0.313920000000128E+03  0.474257141915192E+05  0.174668215200097E+06
0.210000000000088E-06 0.316900000000131E+03  0.506191548754497E+05  0.166786701017833E+06
0.212000000000090E-06 0.319880000000134E+03  0.541207257401066E+05  0.172730644515943E+06
0.214000000000092E-06 0.322860000000138E+03  0.460350612312222E+05  0.160715857169089E+06
0.216000000000095E-06 0.325840000000141E+03  0.412327965450138E+05  0.155433496685121E+06
0.218000000000097E-06 0.328820000000144E+03  0.414971713113318E+05  0.159601705499830E+06
0.220000000000099E-06 0.331800000000148E+03  0.424651430904332E+05  0.148175894009860E+06
0.222000000000101E-06 0.334780000000151E+03  0.385923449581382E+05  0.154374647206523E+06
0.224000000000104E-06 0.337760000000155E+03  0.510779803213086E+05  0.140873276477724E+06
0.226000000000106E-06 0.340740000000158E+03  0.480602059530020E+05  0.140262641652100E+06
0.228000000000108E-06 0.343720000000161E+03  0.482384883164276E+05  0.133819699877628E+06
0.230000000000111E-06 0.346700000000165E+03  0.398941455133179E+05  0.132314558897701E+06
0.232000000000113E-06 0.349680000000168E+03  0.513464636388292E+05  0.132744335335016E+06
0.234000000000115E-06 0.352660000000171E+03  0.467976071992112E+05  0.115907813514803E+06
0.236000000000117E-06 0.355640000000175E+03  0.415406380387077E+05  0.113692378416207E+06
0.238000000000120E-06 0.358620000000178E+03  0.481742857060825E+05  0.112192568488899E+06
0.240000000000122E-06 0.361600000000182E+03  0.491027471079841E+05  0.102956218349569E+06
0.242000000000124E-06 0.364580000000185E+03  0.479433693538035E+05  0.104781949081386E+06
0.244000000000126E-06 0.367560000000188E+03  0.496738686436005E+05  0.110872246309230E+06
0.246000000000129E-06 0.370540000000192E+03  0.542757661234002E+05  0.108693198451919E+06
0.248000000000131E-06 0.373520000000195E+03  0.486757131451826E+05  0.106785815477669E+06
0.250000000000133E-06 0.376500000000198E+03  0.475206933191591E+05  0.995361379039151E+05
0.252000000000136E-06 0.379480000000202E+03  0.576038177877360E+05  0.977453071975462E+05
0.254000000000138E-06 0.382460000000205E+03  0.552998963399965E+05  0.899655654548553E+05
0.256000000000140E-06 0.385440000000209E+03  0.522933718979759E+05  0.844614096558824E+05
0.258000000000142E-06 0.388420000000212E+03  0.606313207464374E+05  0.819174167108423E+05
0.260000000000145E-06 0.391400000000215E+03  0.595102544375740E+05  0.854308988255559E+05
0.262000000000147E-06 0.394380000000219E+03  0.498868243177325E+05  0.800299100363281E+05
0.264000000000149E-06 0.397360000000222E+03  0.433522062450561E+05  0.701697215126755E+05
0.266000000000151E-06 0.400340000000226E+03  0.439302406681297E+05  0.685041155635486E+05
0.268000000000154E-06 0.403320000000229E+03  0.374134311476510E+05  0.774827846305893E+05
0.270000000000156E-06 0.406300000000232E+03  0.489254506764335E+05  0.744352158465524E+05
0.272000000000158E-06 0.409280000000236E+03  0.491429567642291E+05  0.727761246593239E+05
0.274000000000160E-06 0.412260000000239E+03  0.492285568913534E+05  0.620743367740296E+05
0.276000000000163E-06 0.415240000000243E+03  0.498544065426925E+05  0.600231367103845E+05
0.278000000000165E-06 0.418220000000246E+03  0.454179086550279E+05  0.610299939408878E+05
0.280000000000167E-06 0.421200000000249E+03  0.394453719203199E+05  0.837675086482154E+05
0.282000000000170E-06 0.424180000000253E+03  0.446755174302498E+05  0.733840550662254E+05
0.284000000000172E-06 0.427160000000256E+03  0.526053583231222E+05  0.853287343323400E+05
0.286000000000174E-06 0.430140000000259E+03  0.481617292615947E+05  0.803775913057269E+05
0.288000000000176E-06 0.433120000000263E+03  0.463115067306964E+05  0.615789891782848E+05
0.290000000000179E-06 0.436100000000266E+03  0.521060833758102E+05  0.632999922029067E+05
0.292000000000181E-06 0.439080000000269E+03  0.495438519602401E+05  0.582085503670375E+05
0.294000000000183E-06 0.442060000000273E+03  0.558092998663889E+05  0.656078700838427E+05
0.296000000000185E-06 0.445040000000276E+03  0.535210328229799E+05  0.605243807650680E+05
0.298000000000188E-06 0.448020000000280E+03  0.530632644170274E+05  0.647331413256753E+05
0.300000000000190E-06 0.451000000000283E+03  0.541044539936724E+05  0.604496522318196E+05
0.302000000000192E-06 0.453980000000286E+03  0.435257033978921E+05  0.600411525395778E+05
0.304000000000194E-06 0.456960000000290E+03  0.418919869213242E+05  0.635967720046888E+05
0.306000000000197E-06 0.459940000000293E+03  0.469048929248313E+05  0.535844286978354E+05
0.308000000000199E-06 0.462920000000297E+03  0.432878337523693E+05  0.527866460017769E+05
0.310000000000201E-06 0.465900000000300E+03  0.358978816442682E+05  0.511822356682351E+05
0.312000000000204E-06 0.468880000000303E+03  0.482055204169714E+05  0.519820847290216E+05
0.314000000000206E-06 0.471860000000307E+03  0.506456853394401E+05  0.580153680219742E+05
0.316000000000208E-06 0.474840000000310E+03  0.527174139225561E+05  0.640844207289242E+05
0.318000000000210E-06 0.477820000000313E+03  0.486915385420735E+05  0.662064186992646E+05
0.320000000000213E-06 0.480800000000317E+03  0.472079060901791E+05  0.529031355825819E+05
0.322000000000215E-06 0.483780000000320E+03  0.603465676684199E+05  0.609835168349612E+05
0.324000000000217E-06 0.486760000000324E+03  0.587920938963032E+05  0.590193697918725E+05
0.326000000000219E-06 0.489740000000327E+03  0.520149820232646E+05  0.574306747238521E+05
0.328000000000222E-06 0.492720000000330E+03  0.516633056743711E+05  0.564997924736652E+05
0.330000000000224E-06 0.495700000000334E+03  0.542805729829009E+05  0.553541171806025E+05
0.332000000000226E-06 0.498680000000337E+03  0.456517758219500E+05  0.609482668734965E+05
0.334000000000228E-06 0.501660000000340E+03  0.518711701085294E+05  0.475299376374355E+05
0.336000000000231E-06 0.504640000000344E+03  0.413550565895384E+05  0.510690806338244E+05
0.338000000000233E-06 0.507620000000347E+03  0.395643721893635E+05  0.454022141540107E+05
0.340000000000235E-06 0.510600000000351E+03  0.380727581326899E+05  0.367661570734572E+05
0.342000000000238E-06 0.513580000000354E+03  0.464805381472610E+05  0.267952997493695E+05
0.344000000000240E-06 0.516560000000357E+03  0.386319537010341E+05  0.294542348060027E+05
0.346000000000242E-06 0.519540000000361E+03  0.356333149766377E+05  0.291579443633257E+05
0.348000000000244E-06 0.522520000000364E+03  0.441059220726962E+05  0.252851574465029E+05
0.350000000000247E-06 0.525500000000368E+03  0.337029862085031E+05  0.313265606043464E+05
0.352000000000249E-06 0.528480000000371E+03  0.479523808307662E+05  0.307599332279642E+05
0.354000000000251E-06 0.531460000000374E+03  0.323269416062407E+05  0.308569555189681E+05
0.356000000000253E-06 0.534440000000378E+03  0.372609692406209E+05  0.511187201514569E+05
0.358000000000256E-06 0.537420000000381E+03  0.271261815827094E+05  0.479555710009771E+05
0.360000000000258E-06 0.540400000000384E+03  0.364381857087225E+05  0.521762698067486E+05
0.362000000000260E-06 0.543380000000388E+03  0.437124964442368E+05  0.518723515777956E+05
0.364000000000263E-06 0.546360000000391E+03  0.440113536760276E+05  0.435315321404117E+05
0.366000000000265E-06 0.549340000000395E+03  0.476059109994579E+05  0.449402250717219E+05
0.368000000000267E-06 0.552320000000398E+03  0.413023958460413E+05  0.377414832277292E+05
0.370000000000269E-06 0.555300000000401E+03  0.429937487362335E+05  0.375010517087976E+05
0.372000000000272E-06 0.558280000000405E+03  0.548982271355341E+05  0.330611713062495E+05
0.374000000000274E-06 0.561260000000408E+03  0.454959189644032E+05  0.172082515213981E+05
0.376000000000276E-06 0.564240000000411E+03  0.450126601267256E+05  0.282926121030953E+05
0.378000000000278E-06 0.567220000000415E+03  0.549317451229744E+05  0.347324467973174E+05
0.380000000000281E-06 0.570200000000418E+03  0.356878608406527E+05  0.397933173063410E+05
0.382000000000283E-06 0.573180000000422E+03  0.521241409224634E+05  0.448300024005618E+05
0.384000000000285E-06 0.576160000000425E+03  0.336415763690844E+05  0.368160210301094E+05
0.386000000000287E-06 0.579140000000428E+03  0.387956511791064E+05  0.363135365364651E+05
0.388000000000290E-06 0.582120000000432E+03  0.329663916250393E+05  0.296431610021835E+05
0.390000000000292E-06 0.585100000000435E+03  0.352672405762044E+05  0.287705980611167E+05
0.392000000000294E-06 0.588080000000439E+03  0.351711696710153E+05  0.296146621588536E+05
0.394000000000297E-06 0.591060000000442E+03  0.422148467165677E+05  0.257062876426041E+05
0.396000000000299E-06 0.594040000000445E+03  0.538982130798198E+05  0.361356583436764E+05
0.398000000000301E-06 0.597020000000449E+03  0.477705131098887E+05  0.192054383396764E+05
0.400000000000303E-06 0.600000000000452E+03  0.325721786395312E+05  0.305131472635798E+05
