#                t(s)                  T(K)             M_ZFC(A/m)              M_FC(A/m)
0.200000000000000E-08 0.698000000000000E+01  0.288029296837346E+05  0.289989719903412E+06
0.400000000000002E-08 0.996000000000003E+01  0.277694483845550E+05  0.289345843805936E+06
0.599999999999997E-08 0.129400000000000E+02  0.277567268651147E+05  0.290209027311016E+06
0.799999999999992E-08 0.159199999999999E+02  0.277312114338890E+05  0.289527814963723E+06
0.999999999999988E-08 0.188999999999998E+02  0.284598800867569E+05  0.287786153069636E+06
0.119999999999998E-07 0.218799999999997E+02  0.278927628504628E+05  0.290761825473827E+06
0.139999999999998E-07 0.248599999999997E+02  0.295832698512176E+05  0.289993101229325E+06
0.159999999999999E-07 0.278399999999999E+02  0.280126015215056E+05  0.289319457291519E+06
0.180000000000002E-07 0.308200000000003E+02  0.285501300601165E+05  0.286775986372618E+06
0.200000000000005E-07 0.338000000000007E+02  0.292513804015874E+05  0.286187959517611E+06
0.220000000000008E-07 0.367800000000011E+02  0.284913549645505E+05  0.286695943911360E+06
0.240000000000010E-07 0.397600000000016E+02  0.292397150072746E+05  0.285891832896060E+06
0.260000000000013E-07 0.427400000000020E+02  0.283220219488632E+05  0.286379101160058E+06
0.280000000000016E-07 0.457200000000024E+02  0.267630053985015E+05  0.288566302598129E+06
0.300000000000018E-07 0.487000000000027E+02  0.267489447081928E+05  0.286347615243917E+06
0.320000000000014E-07 0.516800000000022E+02  0.284977485901044E+05  0.283526695582840E+06
0.340000000000011E-07 0.546600000000016E+02  0.267999927434277E+05  0.285273574802381E+06
0.360000000000007E-07 0.576400000000010E+02  0.312459904132621E+05  0.283975370298092E+06
0.380000000000003E-07 0.606200000000005E+02  0.263317131270095E+05  0.285970939547551E+06
0.399999999999999E-07 0.635999999999999E+02  0.294379609382234E+05  0.287292076866433E+06
0.419999999999995E-07 0.665799999999993E+02  0.255120818119620E+05  0.283422051900987E+06
0.439999999999992E-07 0.695599999999988E+02  0.300675235371722E+05  0.283960935495207E+06
0.459999999999988E-07 0.725399999999982E+02  0.306480392886245E+05  0.283628702730582E+06
0.479999999999984E-07 0.755199999999976E+02  0.270595499086890E+05  0.285260427061555E+06
0.499999999999980E-07 0.784999999999971E+02  0.271263599663771E+05  0.284548965914404E+06
0.519999999999977E-07 0.814799999999965E+02  0.300264505285049E+05  0.283821101099029E+06
0.539999999999973E-07 0.844599999999959E+02  0.300532820400490E+05  0.280229257471203E+06
0.559999999999969E-07 0.874399999999954E+02  0.254058379587220E+05  0.280697175424721E+06
0.579999999999965E-07 0.904199999999948E+02  0.278168621943000E+05  0.281051916906343E+06
0.599999999999961E-07 0.933999999999943E+02  0.300833148079741E+05  0.285383062571326E+06
0.619999999999958E-07 0.963799999999937E+02  0.302612799807679E+05  0.285191287047528E+06
0.639999999999954E-07 0.993599999999931E+02  0.282865357531214E+05  0.285886123310079E+06
0.659999999999950E-07 0.102339999999993E+03  0.303232277054842E+05  0.284198054013907E+06
0.679999999999946E-07 0.105319999999992E+03  0.274526799149477E+05  0.281400871273196E+06
0.699999999999942E-07 0.108299999999991E+03  0.293892757616879E+05  0.280324959577118E+06
0.719999999999939E-07 0.111279999999991E+03  0.293438155989763E+05  0.282299258826447E+06
0.739999999999935E-07 0.114259999999990E+03  0.289540330787629E+05  0.275525664382914E+06
0.759999999999931E-07 0.117239999999990E+03  0.265571280864265E+05  0.280901452173650E+06
0.779999999999927E-07 0.120219999999989E+03  0.268563451301828E+05  0.277425377867615E+06
0.799999999999924E-07 0.123199999999989E+03  0.280305174728030E+05  0.280982653678862E+06
0.819999999999920E-07 0.126179999999988E+03  0.253378822351637E+05  0.274628853065180E+06
0.839999999999916E-07 0.129159999999987E+03  0.258381958359210E+05  0.277913601417908E+06
0.859999999999912E-07 0.132139999999987E+03  0.255156198851536E+05  0.280568646023380E+06
0.879999999999908E-07 0.135119999999986E+03  0.273794516306691E+05  0.278880590358591E+06
0.899999999999905E-07 0.138099999999986E+03  0.274877120810537E+05  0.279484600717624E+06
0.919999999999901E-07 0.141079999999985E+03  0.298661977825823E+05  0.278916706146091E+06
0.939999999999897E-07 0.144059999999985E+03  0.286135976955749E+05  0.274659726516687E+06
0.959999999999893E-07 0.147039999999984E+03  0.314023663158640E+05  0.275235426855780E+06
0.979999999999889E-07 0.150019999999984E+03  0.236929979014998E+05  0.276765541410368E+06
0.999999999999886E-07 0.152999999999983E+03  0.286930125533142E+05  0.278440932159711E+06
0.101999999999988E-06 0.155979999999982E+03  0.275742822540183E+05  0.276100308605599E+06
0.103999999999988E-06 0.158959999999982E+03  0.268253997078907E+05  0.276702016991074E+06
0.105999999999987E-06 0.161939999999981E+03  0.267047913638068E+05  0.273780451676987E+06
0.107999999999987E-06 0.164919999999981E+03  0.266733834418768E+05  0.275969721446545E+06
0.109999999999987E-06 0.167899999999980E+03  0.266275372334923E+05  0.273785805926248E+06
0.111999999999986E-06 0.170879999999980E+03  0.286288880197584E+05  0.273800937667426E+06
0.113999999999986E-06 0.173859999999979E+03  0.314992791478785E+05  0.277141923536201E+06
0.115999999999986E-06 0.176839999999978E+03  0.246427006016172E+05  0.271181526064679E+06
0.117999999999985E-06 0.179819999999978E+03  0.261993313568355E+05  0.275360212174581E+06
0.119999999999986E-06 0.182799999999979E+03  0.275550825853879E+05  0.269158905838598E+06
0.121999999999988E-06 0.185779999999982E+03  0.290887121237588E+05  0.271958744537472E+06
0.123999999999990E-06 0.188759999999986E+03  0.300503186385654E+05  0.268692670375421E+06
0.125999999999993E-06 0.191739999999989E+03  0.269597920650542E+05  0.268992884762121E+06
0.127999999999995E-06 0.194719999999992E+03  0.266449945999032E+05  0.266811517349385E+06
0.129999999999997E-06 0.197699999999996E+03  0.271444305203103E+05  0.267402485813640E+06
0.131999999999999E-06 0.200679999999999E+03  0.257520319044974E+05  0.268364085967313E+06
0.134000000000002E-06 0.203660000000003E+03  0.331404465694210E+05  0.267573382973918E+06
0.136000000000004E-06 0.206640000000006E+03  0.298548404845234E+05  0.263724943303195E+06
0.138000000000006E-06 0.209620000000009E+03  0.287253769076673E+05  0.265088825547218E+06
0.140000000000009E-06 0.212600000000013E+03  0.334046074271710E+05  0.265530278102701E+06
0.142000000000011E-06 0.215580000000016E+03  0.321939506826735E+05  0.260012810535883E+06
0.144000000000013E-06 0.218560000000019E+03  0.324385716023193E+05  0.255684350127741E+06
0.146000000000015E-06 0.221540000000023E+03  0.331123725257096E+05  0.258717208931491E+06
0.148000000000018E-06 0.224520000000026E+03  0.321932139154623E+05  0.256666496760504E+06
0.150000000000020E-06 0.227500000000030E+03  0.352926602357017E+05  0.257514042729705E+06
0.152000000000022E-06 0.230480000000033E+03  0.340396541423915E+05  0.258121375356838E+06
0.154000000000024E-06 0.233460000000036E+03  0.352661851045424E+05  0.258370150570476E+06
0.156000000000027E-06 0.236440000000040E+03  0.356643793876360E+05  0.254463687258814E+06
0.158000000000029E-06 0.239420000000043E+03  0.355940051074302E+05  0.250131338424350E+06
0.160000000000031E-06 0.242400000000046E+03  0.393644579464257E+05  0.247444564035873E+06
0.162000000000033E-06 0.245380000000050E+03  0.347619330826333E+05  0.242321504945623E+06
0.164000000000036E-06 0.248360000000053E+03  0.338374824636274E+05  0.242391528730390E+06
0.166000000000038E-06 0.251340000000057E+03  0.365393893425772E+05  0.242193254932205E+06
0.168000000000040E-06 0.254320000000060E+03  0.348762253849054E+05  0.235383549395327E+06
0.170000000000043E-06 0.257300000000063E+03  0.377264181259065E+05  0.225712524713130E+06
0.172000000000045E-06 0.260280000000067E+03  0.391434549247022E+05  0.227961374727662E+06
0.174000000000047E-06 0.263260000000070E+03  0.436460689998748E+05  0.222335129956347E+06
0.176000000000049E-06 0.266240000000074E+03  0.352171454336389E+05  0.218950370166731E+06
0.178000000000052E-06 0.269220000000077E+03  0.301302806607754E+05  0.217156088800041E+06
0.180000000000054E-06 0.272200000000080E+03  0.361950242744988E+05  0.219277089686354E+06
0.182000000000056E-06 0.275180000000084E+03  0.373844059958437E+05  0.217885825604927E+06
0.184000000000058E-06 0.278160000000087E+03  0.364266952115575E+05  0.218681151629872E+06
0.186000000000061E-06 0.281140000000090E+03  0.429605435610363E+05  0.213340048711026E+06
0.188000000000063E-06 0.284120000000094E+03  0.416547452340207E+05  0.205110563542027E+06
0.190000000000065E-06 0.287100000000097E+03  0.446521893711984E+05  0.193989209376260E+06
0.192000000000067E-06 0.290080000000101E+03  0.458825674745004E+05  0.194706685761931E+06
0.194000000000070E-06 0.293060000000104E+03  0.397762115302701E+05  0.196825349722036E+06
0.196000000000072E-06 0.296040000000107E+03  0.413575061496384E+05  0.186794874936260E+06
0.198000000000074E-06 0.299020000000111E+03  0.454170241695195E+05  0.183919310836898E+06
0.200000000000077E-06 0.302000000000114E+03  0.475820811830163E+05  0.186128838334073E+06
0.202000000000079E-06 0.304980000000117E+03  0.516671503837153E+05  0.179952834664828E+06
0.204000000000081E-06 0.307960000000121E+03  0.568934169462463E+05  0.172783010631085E+06
0.206000000000083E-06 0.310940000000124E+03  0.613562493820545E+05  0.174303593204483E+06
0.208000000000086E-06 0.313920000000128E+03  0.521678363616240E+05  0.175016044869536E+06
0.210000000000088E-06 0.316900000000131E+03  0.552905592352590E+05  0.168496531913929E+06
0.212000000000090E-06 0.319880000000134E+03  0.580751022745951E+05  0.157514441196381E+06
0.214000000000092E-06 0.322860000000138E+03  0.595775586785961E+05  0.156927491387093E+06
0.216000000000095E-06 0.325840000000141E+03  0.613728464559638E+05  0.149636943628833E+06
0.218000000000097E-06 0.328820000000144E+03  0.585973646159360E+05  0.156458465298679E+06
0.220000000000099E-06 0.331800000000148E+03  0.546191496892633E+05  0.143075462098804E+06
0.222000000000101E-06 0.334780000000151E+03  0.642554465562392E+05  0.138890461078101E+06
0.224000000000104E-06 0.337760000000155E+03  0.599150269913768E+05  0.137523032253547E+06
0.226000000000106E-06 0.340740000000158E+03  0.567917305179785E+05  0.124087000139270E+06
0.228000000000108E-06 0.343720000000161E+03  0.573265285706520E+05  0.125883803022435E+06
0.230000000000111E-06 0.346700000000165E+03  0.513214764724776E+05  0.118146753951067E+06
0.232000000000113E-06 0.349680000000168E+03  0.521605074135705E+05  0.120422112535735E+06
0.234000000000115E-06 0.352660000000171E+03  0.603515064376274E+05  0.117606433227345E+06
0.236000000000117E-06 0.355640000000175E+03  0.668330307772747E+05  0.104561578840309E+06
0.238000000000120E-06 0.358620000000178E+03  0.530600719783236E+05  0.108151968324490E+06
0.240000000000122E-06 0.361600000000182E+03  0.648903312214427E+05  0.101079591338974E+06
0.242000000000124E-06 0.364580000000185E+03  0.674892729027626E+05  0.985338394231512E+05
0.244000000000126E-06 0.367560000000188E+03  0.614241531411438E+05  0.770814508575814E+05
0.246000000000129E-06 0.370540000000192E+03  0.665172918525057E+05  0.880418006285148E+05
0.248000000000131E-06 0.373520000000195E+03  0.533791112910237E+05  0.806260021386428E+05
0.250000000000133E-06 0.376500000000198E+03  0.554451386066186E+05  0.821288913674522E+05
0.252000000000136E-06 0.379480000000202E+03  0.712979339408202E+05  0.831542285767542E+05
0.254000000000138E-06 0.382460000000205E+03  0.557371161812222E+05  0.760469006533085E+05
0.256000000000140E-06 0.385440000000209E+03  0.542052373833273E+05  0.695939411176195E+05
0.258000000000142E-06 0.388420000000212E+03  0.510609356760805E+05  0.702144265011237E+05
0.260000000000145E-06 0.391400000000215E+03  0.538890337768441E+05  0.669607114163667E+05
0.262000000000147E-06 0.394380000000219E+03  0.616034702445605E+05  0.648999140610392E+05
0.264000000000149E-06 0.397360000000222E+03  0.642902874413371E+05  0.654344650285555E+05
0.266000000000151E-06 0.400340000000226E+03  0.670860549314261E+05  0.642588702243854E+05
0.268000000000154E-06 0.403320000000229E+03  0.659635051119238E+05  0.665874136764481E+05
0.270000000000156E-06 0.406300000000232E+03  0.686865270288147E+05  0.588258985172212E+05
0.272000000000158E-06 0.409280000000236E+03  0.663242430725344E+05  0.627941847690316E+05
0.274000000000160E-06 0.412260000000239E+03  0.667170909728943E+05  0.606482231326478E+05
0.276000000000163E-06 0.415240000000243E+03  0.617207936659946E+05  0.621751441982664E+05
0.278000000000165E-06 0.418220000000246E+03  0.695417295532997E+05  0.603241558534731E+05
0.280000000000167E-06 0.421200000000249E+03  0.634933080225597E+05  0.574584295913591E+05
0.282000000000170E-06 0.424180000000253E+03  0.670737649961630E+05  0.554768977424971E+05
0.284000000000172E-06 0.427160000000256E+03  0.734903158963602E+05  0.470429368081762E+05
0.286000000000174E-06 0.430140000000259E+03  0.590420784876342E+05  0.421805289892590E+05
0.288000000000176E-06 0.433120000000263E+03  0.653943872391802E+05  0.414467291113285E+05
0.290000000000179E-06 0.436100000000266E+03  0.597261292875149E+05  0.361169918542926E+05
0.292000000000181E-06 0.439080000000269E+03  0.710911752445873E+05  0.378481705656972E+05
0.294000000000183E-06 0.442060000000273E+03  0.503960547403125E+05  0.381623116900467E+05
0.296000000000185E-06 0.445040000000276E+03  0.507993072790757E+05  0.390708169334328E+05
0.298000000000188E-06 0.448020000000280E+03  0.558064082345449E+05  0.355310187162809E+05
0.300000000000190E-06 0.451000000000283E+03  0.561954555762456E+05  0.433957617491116E+05
0.302000000000192E-06 0.453980000000286E+03  0.361418734124802E+05  0.436812577501691E+05
0.304000000000194E-06 0.456960000000290E+03  0.512162376710281E+05  0.412936732011408E+05
0.306000000000197E-06 0.459940000000293E+03  0.468467879255595E+05  0.424135140966542E+05
0.308000000000199E-06 0.462920000000297E+03  0.540666958521916E+05  0.385058343236537E+05
0.310000000000201E-06 0.465900000000300E+03  0.599106427408899E+05  0.381921579100448E+05
0.312000000000204E-06 0.468880000000303E+03  0.567954227864457E+05  0.351103904888352E+05
0.314000000000206E-06 0.471860000000307E+03  0.498637218379588E+05  0.412236194279757E+05
0.316000000000208E-06 0.474840000000310E+03  0.529455082675650E+05  0.253145713521114E+05
0.318000000000210E-06 0.477820000000313E+03  0.516457924669602E+05  0.327299635903333E+05
0.320000000000213E-06 0.480800000000317E+03  0.459579276592402E+05  0.321020807456861E+05
0.322000000000215E-06 0.483780000000320E+03  0.508374321233214E+05  0.307731349206161E+05
0.324000000000217E-06 0.486760000000324E+03  0.459896514997256E+05  0.390326142437109E+05
0.326000000000219E-06 0.489740000000327E+03  0.476836613206655E+05  0.397550085007499E+05
0.328000000000222E-06 0.492720000000330E+03  0.474768258733870E+05  0.425272925761343E+05
0.330000000000224E-06 0.495700000000334E+03  0.355699479974285E+05  0.470951417279398E+05
0.332000000000226E-06 0.498680000000337E+03  0.425553903241955E+05  0.504730285512800E+05
0.334000000000228E-06 0.501660000000340E+03  0.430850345782997E+05  0.559149108317702E+05
0.336000000000231E-06 0.504640000000344E+03  0.382668765509702E+05  0.390381994564357E+05
0.338000000000233E-06 0.507620000000347E+03  0.483197392130790E+05  0.345310107007058E+05
0.340000000000235E-06 0.510600000000351E+03  0.514398084858413E+05  0.288941090140670E+05
0.342000000000238E-06 0.513580000000354E+03  0.515026690354709E+05  0.275332506135962E+05
0.344000000000240E-06 0.516560000000357E+03  0.419205658479608E+05  0.316893561866446E+05
0.346000000000242E-06 0.519540000000361E+03  0.301301066776436E+05  0.468592405810164E+05
0.348000000000244E-06 0.522520000000364E+03  0.402065150297590E+05  0.341513384368831E+05
0.350000000000247E-06 0.525500000000368E+03  0.427037554471431E+05  0.531431847849699E+05
0.352000000000249E-06 0.528480000000371E+03  0.486531703060914E+05  0.333423634645674E+05
0.354000000000251E-06 0.531460000000374E+03  0.445761783542797E+05  0.363757043601499E+05
0.356000000000253E-06 0.534440000000378E+03  0.483634494342987E+05  0.301692562079995E+05
0.358000000000256E-06 0.537420000000381E+03  0.383311100329000E+05  0.222565423318767E+05
0.360000000000258E-06 0.540400000000384E+03  0.505256790228280E+05  0.259377857680078E+05
0.362000000000260E-06 0.543380000000388E+03  0.455608642292287E+05  0.419582739037753E+05
0.364000000000263E-06 0.546360000000391E+03  0.496330838442370E+05  0.321460165452842E+05
0.366000000000265E-06 0.549340000000395E+03  0.533531867603554E+05  0.335376778173855E+05
0.368000000000267E-06 0.552320000000398E+03  0.450818128864906E+05  0.334155598407769E+05
0.370000000000269E-06 0.555300000000401E+03  0.447458857126028E+05  0.336177317903530E+05
0.372000000000272E-06 0.558280000000405E+03  0.523801074923735E+05  0.522011706523657E+05
0.374000000000274E-06 0.561260000000408E+03  0.533201927352317E+05  0.494219987920143E+05
0.376000000000276E-06 0.564240000000411E+03  0.636468275125782E+05  0.446337165112138E+05
0.378000000000278E-06 0.567220000000415E+03  0.479905722749091E+05  0.509774030321974E+05
0.380000000000281E-06 0.570200000000418E+03  0.438824701384049E+05  0.518374518806101E+05
0.382000000000283E-06 0.573180000000422E+03  0.332254293972140E+05  0.517673134752375E+05
0.384000000000285E-06 0.576160000000425E+03  0.282992225612082E+05  0.497083953653746E+05
0.386000000000287E-06 0.579140000000428E+03  0.503690894553886E+05  0.325488748381036E+05
0.388000000000290E-06 0.582120000000432E+03  0.572016821394237E+05  0.464269888455280E+05
0.390000000000292E-06 0.585100000000435E+03  0.547129418001681E+05  0.369495553328948E+05
0.392000000000294E-06 0.588080000000439E+03  0.553822799131301E+05  0.410865641033979E+05
0.394000000000297E-06 0.591060000000442E+03  0.516640985964848E+05  0.390852528071742E+05
0.396000000000299E-06 0.594040000000445E+03  0.347995211917046E+05  0.436758674604932E+05
0.398000000000301E-06 0.597020000000449E+03  0.359204134160368E+05  0.423267780436746E+05
0.400000000000303E-06 0.600000000000452E+03  0.430197107117723E+05  0.299191913693783E+05
