#                t(s)                  T(K)             M_ZFC(A/m)              M_FC(A/m)
0.200000000000000E-08 0.698000000000000E+01  0.104894576734397E+05  0.290398063159733E+06
0.400000000000002E-08 0.996000000000003E+01  0.103016852527444E+05  0.289466848870415E+06
0.599999999999997E-08 0.129400000000000E+02  0.118704364465316E+05  0.289129121492191E+06
0.799999999999992E-08 0.159199999999999E+02  0.112754427447664E+05  0.289470697249665E+06
0.999999999999988E-08 0.188999999999998E+02  0.120222626409054E+05  0.289122316359983E+06
0.119999999999998E-07 0.218799999999997E+02  0.111277534442067E+05  0.288890207880458E+06
0.139999999999998E-07 0.248599999999997E+02  0.987172848164435E+04  0.288217107331226E+06
0.159999999999999E-07 0.278399999999999E+02  0.105604437318474E+05  0.287622286328416E+06
0.180000000000002E-07 0.308200000000003E+02  0.133320221696916E+05  0.288519240957172E+06
0.200000000000005E-07 0.338000000000007E+02  0.110230947327063E+05  0.288533924680602E+06
0.220000000000008E-07 0.367800000000011E+02  0.100694775939465E+05  0.287088542837726E+06
0.240000000000010E-07 0.397600000000016E+02  0.941327444104348E+04  0.288510325263777E+06
0.260000000000013E-07 0.427400000000020E+02  0.106687012231715E+05  0.288496233086275E+06
0.280000000000016E-07 0.457200000000024E+02  0.104950454926376E+05  0.285853200405947E+06
0.300000000000018E-07 0.487000000000027E+02  0.115444912453435E+05  0.285583480990845E+06
0.320000000000014E-07 0.516800000000022E+02  0.995555531627003E+04  0.286709319303530E+06
0.340000000000011E-07 0.546600000000016E+02  0.111625995266823E+05  0.284863967770678E+06
0.360000000000007E-07 0.576400000000010E+02  0.131847451536338E+05  0.285497463731478E+06
0.380000000000003E-07 0.606200000000005E+02  0.119052135567551E+05  0.285024903653048E+06
0.399999999999999E-07 0.635999999999999E+02  0.951114353666811E+04  0.283790900955138E+06
0.419999999999995E-07 0.665799999999993E+02  0.785962077215444E+04  0.287274586279557E+06
0.439999999999992E-07 0.695599999999988E+02  0.125999353456253E+05  0.286497007034048E+06
0.459999999999988E-07 0.725399999999982E+02  0.105674472902347E+05  0.282728178584286E+06
0.479999999999984E-07 0.755199999999976E+02  0.100600764353614E+05  0.284477905807966E+06
0.499999999999980E-07 0.784999999999971E+02  0.128044792146980E+05  0.285032040973053E+06
0.519999999999977E-07 0.814799999999965E+02  0.109604187028148E+05  0.284582988769202E+06
0.539999999999973E-07 0.844599999999959E+02  0.109867574257186E+05  0.284406710684170E+06
0.559999999999969E-07 0.874399999999954E+02  0.142721348450308E+05  0.281951562382101E+06
0.579999999999965E-07 0.904199999999948E+02  0.684920303345724E+04  0.283991361159359E+06
0.599999999999961E-07 0.933999999999943E+02  0.121918385446168E+05  0.283781490328841E+06
0.619999999999958E-07 0.963799999999937E+02  0.957609722095928E+04  0.282091476946142E+06
0.639999999999954E-07 0.993599999999931E+02  0.122306275659144E+05  0.283525657019115E+06
0.659999999999950E-07 0.102339999999993E+03  0.122712231148278E+05  0.283137074685202E+06
0.679999999999946E-07 0.105319999999992E+03  0.110050887313574E+05  0.284247431742043E+06
0.699999999999942E-07 0.108299999999991E+03  0.158422514607461E+05  0.284732254110234E+06
0.719999999999939E-07 0.111279999999991E+03  0.102641833591907E+05  0.281373399252749E+06
0.739999999999935E-07 0.114259999999990E+03  0.117430444407535E+05  0.283057906741047E+06
0.759999999999931E-07 0.117239999999990E+03  0.109775340579092E+05  0.277770683245058E+06
0.779999999999927E-07 0.120219999999989E+03  0.112776845438035E+05  0.277941959452583E+06
0.799999999999924E-07 0.123199999999989E+03  0.102577207443493E+05  0.279192925811525E+06
0.819999999999920E-07 0.126179999999988E+03  0.972000232344895E+04  0.280369333808542E+06
0.839999999999916E-07 0.129159999999987E+03  0.120459776183744E+05  0.281321776159218E+06
0.859999999999912E-07 0.132139999999987E+03  0.816495839948440E+04  0.281820097904642E+06
0.879999999999908E-07 0.135119999999986E+03  0.127575881789224E+05  0.278929575621110E+06
0.899999999999905E-07 0.138099999999986E+03  0.133529032197192E+05  0.278533407275791E+06
0.919999999999901E-07 0.141079999999985E+03  0.997424132340086E+04  0.279119464432898E+06
0.939999999999897E-07 0.144059999999985E+03  0.891584673456676E+04  0.279071127200467E+06
0.959999999999893E-07 0.147039999999984E+03  0.138660898961085E+05  0.276588078039895E+06
0.979999999999889E-07 0.150019999999984E+03  0.933573486524164E+04  0.277530773631023E+06
0.999999999999886E-07 0.152999999999983E+03  0.114678276064853E+05  0.277127967980578E+06
0.101999999999988E-06 0.155979999999982E+03  0.125802137042222E+05  0.277454578944499E+06
0.103999999999988E-06 0.158959999999982E+03  0.130988084813931E+05  0.276192068399738E+06
0.105999999999987E-06 0.161939999999981E+03  0.137135220569486E+05  0.276456622536646E+06
0.107999999999987E-06 0.164919999999981E+03  0.187790587673027E+05  0.277459399944462E+06
0.109999999999987E-06 0.167899999999980E+03  0.134748292524647E+05  0.270015210472237E+06
0.111999999999986E-06 0.170879999999980E+03  0.129367626552442E+05  0.277111403222777E+06
0.113999999999986E-06 0.173859999999979E+03  0.124150972710180E+05  0.276205938713477E+06
0.115999999999986E-06 0.176839999999978E+03  0.975296654347853E+04  0.274541194426549E+06
0.117999999999985E-06 0.179819999999978E+03  0.142881301481549E+05  0.270236403608816E+06
0.119999999999986E-06 0.182799999999979E+03  0.140871773094062E+05  0.270048972404787E+06
0.121999999999988E-06 0.185779999999982E+03  0.113873604696374E+05  0.271915119585407E+06
0.123999999999990E-06 0.188759999999986E+03  0.131718459634621E+05  0.274974756790167E+06
0.125999999999993E-06 0.191739999999989E+03  0.163190900649472E+05  0.274738223788960E+06
0.127999999999995E-06 0.194719999999992E+03  0.182728676269084E+05  0.266094547811732E+06
0.129999999999997E-06 0.197699999999996E+03  0.149095090020706E+05  0.269878529054890E+06
0.131999999999999E-06 0.200679999999999E+03  0.131866422161885E+05  0.270449772365099E+06
0.134000000000002E-06 0.203660000000003E+03  0.156251505810881E+05  0.271198604717328E+06
0.136000000000004E-06 0.206640000000006E+03  0.196360555698681E+05  0.267336638161662E+06
0.138000000000006E-06 0.209620000000009E+03  0.183352107615472E+05  0.269538185387968E+06
0.140000000000009E-06 0.212600000000013E+03  0.172103525652697E+05  0.269995079841667E+06
0.142000000000011E-06 0.215580000000016E+03  0.153624433193263E+05  0.266679140280281E+06
0.144000000000013E-06 0.218560000000019E+03  0.226121833987332E+05  0.266180554768447E+06
0.146000000000015E-06 0.221540000000023E+03  0.173934625646072E+05  0.268901680311702E+06
0.148000000000018E-06 0.224520000000026E+03  0.161537977693534E+05  0.260557454371404E+06
0.150000000000020E-06 0.227500000000030E+03  0.134733880090328E+05  0.263917287402358E+06
0.152000000000022E-06 0.230480000000033E+03  0.232422007152506E+05  0.257185358117844E+06
0.154000000000024E-06 0.233460000000036E+03  0.184988324394723E+05  0.262530324647703E+06
0.156000000000027E-06 0.236440000000040E+03  0.189320027034408E+05  0.261806181221799E+06
0.158000000000029E-06 0.239420000000043E+03  0.178865368681690E+05  0.255593408241169E+06
0.160000000000031E-06 0.242400000000046E+03  0.188447985860141E+05  0.256696081129191E+06
0.162000000000033E-06 0.245380000000050E+03  0.228572100706244E+05  0.259561827992505E+06
0.164000000000036E-06 0.248360000000053E+03  0.210054852779456E+05  0.254233565729679E+06
0.166000000000038E-06 0.251340000000057E+03  0.214194544455346E+05  0.247214719475772E+06
0.168000000000040E-06 0.254320000000060E+03  0.290000356906843E+05  0.244532926976415E+06
0.170000000000043E-06 0.257300000000063E+03  0.255192990877552E+05  0.239842689387062E+06
0.172000000000045E-06 0.260280000000067E+03  0.282703574317044E+05  0.240384729427042E+06
0.174000000000047E-06 0.263260000000070E+03  0.301416027580510E+05  0.238033060578050E+06
0.176000000000049E-06 0.266240000000074E+03  0.309491124693648E+05  0.233004567611374E+06
0.178000000000052E-06 0.269220000000077E+03  0.332791622084829E+05  0.228590317669832E+06
0.180000000000054E-06 0.272200000000080E+03  0.300718788854847E+05  0.223491558643134E+06
0.182000000000056E-06 0.275180000000084E+03  0.347899745349274E+05  0.223929561391153E+06
0.184000000000058E-06 0.278160000000087E+03  0.298909149575247E+05  0.216099991721603E+06
0.186000000000061E-06 0.281140000000090E+03  0.322978162801926E+05  0.209206752989613E+06
0.188000000000063E-06 0.284120000000094E+03  0.388215829958567E+05  0.210531475160651E+06
0.190000000000065E-06 0.287100000000097E+03  0.421040027392879E+05  0.207798454268214E+06
0.192000000000067E-06 0.290080000000101E+03  0.436448593851383E+05  0.204112401934250E+06
0.194000000000070E-06 0.293060000000104E+03  0.474371961389485E+05  0.200968471091253E+06
0.196000000000072E-06 0.296040000000107E+03  0.491061393560254E+05  0.195794772866728E+06
0.198000000000074E-06 0.299020000000111E+03  0.447599595584907E+05  0.192555742583771E+06
0.200000000000077E-06 0.302000000000114E+03  0.409503246748605E+05  0.187356390134439E+06
0.202000000000079E-06 0.304980000000117E+03  0.508571477375900E+05  0.186291218369985E+06
0.204000000000081E-06 0.307960000000121E+03  0.548097936009017E+05  0.190449521381642E+06
0.206000000000083E-06 0.310940000000124E+03  0.560427909301750E+05  0.183672952851030E+06
0.208000000000086E-06 0.313920000000128E+03  0.562873189646944E+05  0.179077250900144E+06
0.210000000000088E-06 0.316900000000131E+03  0.513034065351660E+05  0.170054920532858E+06
0.212000000000090E-06 0.319880000000134E+03  0.581966926587117E+05  0.167042894216539E+06
0.214000000000092E-06 0.322860000000138E+03  0.601537919253281E+05  0.161724419710544E+06
0.216000000000095E-06 0.325840000000141E+03  0.634264123276226E+05  0.151232014436037E+06
0.218000000000097E-06 0.328820000000144E+03  0.603268462732400E+05  0.151047091785557E+06
0.220000000000099E-06 0.331800000000148E+03  0.579336205390082E+05  0.138183798836073E+06
0.222000000000101E-06 0.334780000000151E+03  0.625814892035643E+05  0.126101812543236E+06
0.224000000000104E-06 0.337760000000155E+03  0.605174166874687E+05  0.130252197893116E+06
0.226000000000106E-06 0.340740000000158E+03  0.686426200994422E+05  0.125092127646586E+06
0.228000000000108E-06 0.343720000000161E+03  0.585036081075671E+05  0.124541334615713E+06
0.230000000000111E-06 0.346700000000165E+03  0.608723061234330E+05  0.130663028198191E+06
0.232000000000113E-06 0.349680000000168E+03  0.591383023230821E+05  0.116887029100797E+06
0.234000000000115E-06 0.352660000000171E+03  0.571158186675651E+05  0.119141956098361E+06
0.236000000000117E-06 0.355640000000175E+03  0.559945050739736E+05  0.116485278126610E+06
0.238000000000120E-06 0.358620000000178E+03  0.507887080949204E+05  0.107528924272558E+06
0.240000000000122E-06 0.361600000000182E+03  0.484076866935929E+05  0.105652553271435E+06
0.242000000000124E-06 0.364580000000185E+03  0.500864737702478E+05  0.100190084391042E+06
0.244000000000126E-06 0.367560000000188E+03  0.473631436329111E+05  0.947156148356998E+05
0.246000000000129E-06 0.370540000000192E+03  0.479043630981461E+05  0.952398531954559E+05
0.248000000000131E-06 0.373520000000195E+03  0.478719296362459E+05  0.810990020825988E+05
0.250000000000133E-06 0.376500000000198E+03  0.525664229823025E+05  0.828187928003497E+05
0.252000000000136E-06 0.379480000000202E+03  0.582472272435391E+05  0.924022509454904E+05
0.254000000000138E-06 0.382460000000205E+03  0.509526875476334E+05  0.924304578374586E+05
0.256000000000140E-06 0.385440000000209E+03  0.462723910321840E+05  0.866654537484025E+05
0.258000000000142E-06 0.388420000000212E+03  0.475691902785005E+05  0.848635507331386E+05
0.260000000000145E-06 0.391400000000215E+03  0.547682411423337E+05  0.825315741350198E+05
0.262000000000147E-06 0.394380000000219E+03  0.609011937508147E+05  0.754823004866572E+05
0.264000000000149E-06 0.397360000000222E+03  0.609749937129172E+05  0.800874438525322E+05
0.266000000000151E-06 0.400340000000226E+03  0.575209272261320E+05  0.662225827823597E+05
0.268000000000154E-06 0.403320000000229E+03  0.492439026609231E+05  0.694910234701408E+05
0.270000000000156E-06 0.406300000000232E+03  0.486620152053373E+05  0.606940675538350E+05
0.272000000000158E-06 0.409280000000236E+03  0.509456765832424E+05  0.702522589435519E+05
0.274000000000160E-06 0.412260000000239E+03  0.485002240267572E+05  0.646102164212208E+05
0.276000000000163E-06 0.415240000000243E+03  0.466982147597400E+05  0.578692110082368E+05
0.278000000000165E-06 0.418220000000246E+03  0.579341576398719E+05  0.556248892791228E+05
0.280000000000167E-06 0.421200000000249E+03  0.468454103567001E+05  0.583904352357460E+05
0.282000000000170E-06 0.424180000000253E+03  0.555649530158461E+05  0.474648442533386E+05
0.284000000000172E-06 0.427160000000256E+03  0.502401031961484E+05  0.429787105452214E+05
0.286000000000174E-06 0.430140000000259E+03  0.484982382135811E+05  0.467959414433175E+05
0.288000000000176E-06 0.433120000000263E+03  0.513913949219899E+05  0.483819964981817E+05
0.290000000000179E-06 0.436100000000266E+03  0.568721936097580E+05  0.434926119898579E+05
0.292000000000181E-06 0.439080000000269E+03  0.511449600477674E+05  0.462016481614162E+05
0.294000000000183E-06 0.442060000000273E+03  0.590089958825413E+05  0.427873175728650E+05
0.296000000000185E-06 0.445040000000276E+03  0.612931057406686E+05  0.571406660925957E+05
0.298000000000188E-06 0.448020000000280E+03  0.668079222668670E+05  0.606529363390557E+05
0.300000000000190E-06 0.451000000000283E+03  0.722602797904892E+05  0.483686383623575E+05
0.302000000000192E-06 0.453980000000286E+03  0.598730894020850E+05  0.514894818122298E+05
0.304000000000194E-06 0.456960000000290E+03  0.546867200430878E+05  0.449993495043450E+05
0.306000000000197E-06 0.459940000000293E+03  0.506471451909489E+05  0.429842038953259E+05
0.308000000000199E-06 0.462920000000297E+03  0.632555640410735E+05  0.485170415556896E+05
0.310000000000201E-06 0.465900000000300E+03  0.533568363986048E+05  0.443481143212312E+05
0.312000000000204E-06 0.468880000000303E+03  0.392349790401415E+05  0.484009320146566E+05
0.314000000000206E-06 0.471860000000307E+03  0.505732740603534E+05  0.463217476384244E+05
0.316000000000208E-06 0.474840000000310E+03  0.440907811126421E+05  0.587229208799836E+05
0.318000000000210E-06 0.477820000000313E+03  0.486212045290035E+05  0.471143953404023E+05
0.320000000000213E-06 0.480800000000317E+03  0.442567073211109E+05  0.493300926890410E+05
0.322000000000215E-06 0.483780000000320E+03  0.476777055409177E+05  0.493543264455298E+05
0.324000000000217E-06 0.486760000000324E+03  0.433461763768937E+05  0.545884363279943E+05
0.326000000000219E-06 0.489740000000327E+03  0.507444079454264E+05  0.559732259212770E+05
0.328000000000222E-06 0.492720000000330E+03  0.523764189526377E+05  0.547063459159740E+05
0.330000000000224E-06 0.495700000000334E+03  0.455500408715260E+05  0.407833166195331E+05
0.332000000000226E-06 0.498680000000337E+03  0.373085436304680E+05  0.321031741968927E+05
0.334000000000228E-06 0.501660000000340E+03  0.533355654926003E+05  0.436377233083862E+05
0.336000000000231E-06 0.504640000000344E+03  0.415465798884359E+05  0.468969353286510E+05
0.338000000000233E-06 0.507620000000347E+03  0.468617711537145E+05  0.390258368323743E+05
0.340000000000235E-06 0.510600000000351E+03  0.473161315004314E+05  0.333501367515545E+05
0.342000000000238E-06 0.513580000000354E+03  0.464280797149872E+05  0.430435121076361E+05
0.344000000000240E-06 0.516560000000357E+03  0.289726154001276E+05  0.536696154933486E+05
0.346000000000242E-06 0.519540000000361E+03  0.479961920668489E+05  0.560599065074795E+05
0.348000000000244E-06 0.522520000000364E+03  0.456299340208796E+05  0.463679048351017E+05
0.350000000000247E-06 0.525500000000368E+03  0.323871455363020E+05  0.499750052971095E+05
0.352000000000249E-06 0.528480000000371E+03  0.344172357299324E+05  0.518120106733018E+05
0.354000000000251E-06 0.531460000000374E+03  0.241835021423391E+05  0.550476936163037E+05
0.356000000000253E-06 0.534440000000378E+03  0.348422193700034E+05  0.487440612748778E+05
0.358000000000256E-06 0.537420000000381E+03  0.264655543628071E+05  0.411156458030334E+05
0.360000000000258E-06 0.540400000000384E+03  0.361675207330049E+05  0.280954639920732E+05
0.362000000000260E-06 0.543380000000388E+03  0.556197561150650E+05  0.335962719591099E+05
0.364000000000263E-06 0.546360000000391E+03  0.450652704507498E+05  0.440954249379168E+05
0.366000000000265E-06 0.549340000000395E+03  0.414138348569028E+05  0.285879495750069E+05
0.368000000000267E-06 0.552320000000398E+03  0.412485676453476E+05  0.332751389170369E+05
0.370000000000269E-06 0.555300000000401E+03  0.453760343084935E+05  0.391175261823993E+05
0.372000000000272E-06 0.558280000000405E+03  0.375304370454379E+05  0.482490244824578E+05
0.374000000000274E-06 0.561260000000408E+03  0.284581028810461E+05  0.445510076713580E+05
0.376000000000276E-06 0.564240000000411E+03  0.435459188201568E+05  0.427099913412325E+05
0.378000000000278E-06 0.567220000000415E+03  0.409943369689820E+05  0.412224338291453E+05
0.380000000000281E-06 0.570200000000418E+03  0.518173030444020E+05  0.444489791140313E+05
0.382000000000283E-06 0.573180000000422E+03  0.496471980524133E+05  0.333013643759764E+05
0.384000000000285E-06 0.576160000000425E+03  0.431197041826114E+05  0.385214096634458E+05
0.386000000000287E-06 0.579140000000428E+03  0.469836503199811E+05  0.400381385022077E+05
0.388000000000290E-06 0.582120000000432E+03  0.489357841019027E+05  0.348423697029049E+05
0.390000000000292E-06 0.585100000000435E+03  0.290783402559401E+05  0.368640543050812E+05
0.392000000000294E-06 0.588080000000439E+03  0.558919092489939E+05  0.233474269839309E+05
0.394000000000297E-06 0.591060000000442E+03  0.429630439659550E+05  0.325750803012802E+05
0.396000000000299E-06 0.594040000000445E+03  0.483085305388691E+05  0.312884220932155E+05
0.398000000000301E-06 0.597020000000449E+03  0.414664996194994E+05  0.196225239827457E+05
0.400000000000303E-06 0.600000000000452E+03  0.498298151883540E+05  0.287113108518346E+05
