#  MCS   M-mean   M-sdt Γθ-mean  Γθ-std δθ-mean  δθ-std
     0   0.0862  0.0223  0.5357  0.0141  0.6283  0.0000
     1   0.1512  0.0214  0.5146  0.0176  0.5027  0.0000
     2   0.2020  0.0206  0.5099  0.0161  0.4021  0.0000
     3   0.2423  0.0205  0.5197  0.0158  0.3217  0.0000
     4   0.2737  0.0203  0.5344  0.0158  0.2574  0.0000
     5   0.2987  0.0199  0.5540  0.0170  0.2059  0.0000
     6   0.3183  0.0196  0.5734  0.0150  0.1647  0.0000
     7   0.3340  0.0194  0.6004  0.0161  0.1318  0.0000
     8   0.3462  0.0193  0.6231  0.0150  0.1054  0.0000
     9   0.3559  0.0192  0.6521  0.0135  0.0843  0.0000
    10   0.3634  0.0191  0.6762  0.0151  0.0675  0.0000
    11   0.3691  0.0190  0.7046  0.0146  0.0540  0.0000
    12   0.3736  0.0190  0.7315  0.0131  0.0432  0.0000
    13   0.3770  0.0190  0.7569  0.0119  0.0347  0.0012
    14   0.3795  0.0190  0.7820  0.0127  0.0317  0.0034
    15   0.3816  0.0190  0.7916  0.0174  0.0299  0.0032
    16   0.3837  0.0190  0.7995  0.0165  0.0294  0.0031
    17   0.3856  0.0190  0.8042  0.0152  0.0297  0.0031
    18   0.3876  0.0191  0.7966  0.0166  0.0289  0.0029
    19   0.3895  0.0191  0.8036  0.0172  0.0292  0.0028
    20   0.3915  0.0191  0.8009  0.0149  0.0291  0.0028
    21   0.3935  0.0190  0.8024  0.0191  0.0294  0.0031
    22   0.3954  0.0191  0.8022  0.0181  0.0294  0.0031
    23   0.3974  0.0191  0.8027  0.0188  0.0294  0.0029
    24   0.3993  0.0191  0.8020  0.0168  0.0294  0.0029
    25   0.4012  0.0191  0.8023  0.0162  0.0293  0.0029
    26   0.4032  0.0191  0.8027  0.0173  0.0295  0.0027
    27   0.4052  0.0191  0.8027  0.0157  0.0296  0.0032
    28   0.4072  0.0191  0.8033  0.0172  0.0297  0.0030
    29   0.4091  0.0191  0.8011  0.0184  0.0294  0.0028
    30   0.4111  0.0190  0.8032  0.0156  0.0297  0.0030
    31   0.4131  0.0191  0.8015  0.0174  0.0299  0.0029
    32   0.4151  0.0191  0.8035  0.0167  0.0301  0.0026
    33   0.4171  0.0191  0.8022  0.0155  0.0302  0.0028
    34   0.4191  0.0191  0.8008  0.0166  0.0303  0.0032
    35   0.4211  0.0190  0.8001  0.0157  0.0300  0.0026
    36   0.4231  0.0190  0.8024  0.0151  0.0300  0.0027
    37   0.4252  0.0190  0.8019  0.0140  0.0297  0.0024
    38   0.4271  0.0191  0.8037  0.0136  0.0301  0.0028
    39   0.4291  0.0192  0.8035  0.0142  0.0303  0.0029
    40   0.4311  0.0192  0.8020  0.0161  0.0306  0.0028
    41   0.4331  0.0191  0.8006  0.0139  0.0307  0.0029
    42   0.4352  0.0191  0.7999  0.0161  0.0306  0.0029
    43   0.4372  0.0191  0.8011  0.0175  0.0304  0.0029
    44   0.4392  0.0191  0.7984  0.0183  0.0300  0.0029
    45   0.4412  0.0191  0.8028  0.0167  0.0302  0.0027
    46   0.4432  0.0191  0.8031  0.0152  0.0307  0.0030
    47   0.4452  0.0190  0.8010  0.0170  0.0306  0.0025
    48   0.4473  0.0190  0.8010  0.0136  0.0307  0.0026
    49   0.4493  0.0189  0.8000  0.0141  0.0309  0.0024
    50   0.4513  0.0189  0.7986  0.0168  0.0305  0.0029
    51   0.4533  0.0189  0.8042  0.0168  0.0306  0.0029
    52   0.4554  0.0189  0.8009  0.0159  0.0307  0.0029
    53   0.4574  0.0190  0.8027  0.0159  0.0310  0.0028
    54   0.4594  0.0189  0.8004  0.0149  0.0307  0.0028
    55   0.4614  0.0190  0.7997  0.0171  0.0305  0.0031
    56   0.4634  0.0190  0.8023  0.0174  0.0306  0.0027
    57   0.4654  0.0190  0.8030  0.0153  0.0306  0.0028
    58   0.4674  0.0189  0.8033  0.0144  0.0309  0.0026
    59   0.4694  0.0189  0.8012  0.0149  0.0308  0.0027
    60   0.4714  0.0189  0.8037  0.0150  0.0312  0.0028
    61   0.4735  0.0189  0.7999  0.0147  0.0309  0.0025
    62   0.4755  0.0188  0.8016  0.0158  0.0310  0.0028
    63   0.4775  0.0188  0.8024  0.0152  0.0314  0.0031
    64   0.4795  0.0188  0.7989  0.0163  0.0309  0.0030
    65   0.4814  0.0188  0.8031  0.0177  0.0312  0.0033
    66   0.4834  0.0189  0.8010  0.0156  0.0310  0.0030
    67   0.4854  0.0188  0.8029  0.0164  0.0311  0.0029
    68   0.4874  0.0189  0.8014  0.0154  0.0309  0.0028
    69   0.4893  0.0188  0.8032  0.0167  0.0311  0.0029
    70   0.4914  0.0189  0.8028  0.0140  0.0316  0.0032
    71   0.4934  0.0189  0.8037  0.0173  0.0318  0.0030
    72   0.4955  0.0190  0.7998  0.0145  0.0316  0.0031
    73   0.4975  0.0189  0.8011  0.0162  0.0315  0.0029
    74   0.4996  0.0190  0.8030  0.0163  0.0316  0.0029
    75   0.5016  0.0189  0.8025  0.0155  0.0320  0.0027
    76   0.5036  0.0189  0.8001  0.0155  0.0318  0.0035
    77   0.5057  0.0189  0.8025  0.0168  0.0321  0.0034
    78   0.5077  0.0189  0.8012  0.0165  0.0324  0.0029
    79   0.5098  0.0190  0.7997  0.0144  0.0321  0.0028
    80   0.5119  0.0190  0.8019  0.0147  0.0321  0.0031
    81   0.5139  0.0191  0.8006  0.0150  0.0319  0.0029
    82   0.5160  0.0192  0.8029  0.0134  0.0323  0.0030
    83   0.5180  0.0192  0.8027  0.0144  0.0324  0.0030
    84   0.5201  0.0193  0.8008  0.0170  0.0325  0.0033
    85   0.5222  0.0193  0.8009  0.0169  0.0322  0.0029
    86   0.5242  0.0193  0.8029  0.0179  0.0325  0.0031
    87   0.5262  0.0193  0.7996  0.0182  0.0326  0.0029
    88   0.5283  0.0193  0.8022  0.0160  0.0328  0.0028
    89   0.5304  0.0193  0.8013  0.0153  0.0330  0.0029
    90   0.5325  0.0193  0.8024  0.0149  0.0330  0.0027
    91   0.5346  0.0193  0.8015  0.0175  0.0330  0.0030
    92   0.5367  0.0194  0.8013  0.0154  0.0330  0.0028
    93   0.5388  0.0194  0.7999  0.0169  0.0325  0.0031
    94   0.5408  0.0194  0.8020  0.0157  0.0325  0.0030
    95   0.5428  0.0194  0.8044  0.0150  0.0329  0.0031
    96   0.5448  0.0195  0.8024  0.0169  0.0328  0.0034
    97   0.5469  0.0194  0.8020  0.0152  0.0332  0.0034
    98   0.5490  0.0195  0.8007  0.0164  0.0331  0.0035
   100   0.5510  0.0195  0.8017  0.0162  0.0333  0.0031
