#                t(s)                  T(K)             M_ZFC(A/m)              M_FC(A/m)
0.200000000000000E-08 0.698000000000000E+01  0.115748685888913E+05  0.291886653575848E+06
0.400000000000002E-08 0.996000000000003E+01  0.109590783484621E+05  0.292143905891854E+06
0.599999999999997E-08 0.129400000000000E+02  0.117444619997582E+05  0.290571016713016E+06
0.799999999999992E-08 0.159199999999999E+02  0.107590710161517E+05  0.290594609225148E+06
0.999999999999988E-08 0.188999999999998E+02  0.108529952696657E+05  0.290982072270435E+06
0.119999999999998E-07 0.218799999999997E+02  0.906531466323863E+04  0.291402775098150E+06
0.139999999999998E-07 0.248599999999997E+02  0.106402375215081E+05  0.291248512306103E+06
0.159999999999999E-07 0.278399999999999E+02  0.119683221570708E+05  0.289984660892685E+06
0.180000000000002E-07 0.308200000000003E+02  0.116559269169752E+05  0.291049196439088E+06
0.200000000000005E-07 0.338000000000007E+02  0.100138813189140E+05  0.290661246568301E+06
0.220000000000008E-07 0.367800000000011E+02  0.134805061913121E+05  0.291240898504914E+06
0.240000000000010E-07 0.397600000000016E+02  0.952456287846732E+04  0.290584869236643E+06
0.260000000000013E-07 0.427400000000020E+02  0.117239893814518E+05  0.289073371161830E+06
0.280000000000016E-07 0.457200000000024E+02  0.116840618114937E+05  0.289138847423056E+06
0.300000000000018E-07 0.487000000000027E+02  0.120528655029326E+05  0.286066475938755E+06
0.320000000000014E-07 0.516800000000022E+02  0.110045338852638E+05  0.289103413911190E+06
0.340000000000011E-07 0.546600000000016E+02  0.862807461116643E+04  0.290927530129674E+06
0.360000000000007E-07 0.576400000000010E+02  0.133067178175870E+05  0.288802708018360E+06
0.380000000000003E-07 0.606200000000005E+02  0.104757540462265E+05  0.289210876344853E+06
0.399999999999999E-07 0.635999999999999E+02  0.119838571019308E+05  0.290328190858082E+06
0.419999999999995E-07 0.665799999999993E+02  0.989045473164206E+04  0.288666018086197E+06
0.439999999999992E-07 0.695599999999988E+02  0.122678564878470E+05  0.286112458654763E+06
0.459999999999988E-07 0.725399999999982E+02  0.110957636955508E+05  0.286552197936178E+06
0.479999999999984E-07 0.755199999999976E+02  0.106669832031761E+05  0.289249143905717E+06
0.499999999999980E-07 0.784999999999971E+02  0.123584043470703E+05  0.287096732339049E+06
0.519999999999977E-07 0.814799999999965E+02  0.118367562223884E+05  0.288195245946232E+06
0.539999999999973E-07 0.844599999999959E+02  0.115276940230922E+05  0.284915497167261E+06
0.559999999999969E-07 0.874399999999954E+02  0.112268762879091E+05  0.283500139848462E+06
0.579999999999965E-07 0.904199999999948E+02  0.107303400164745E+05  0.283575388476916E+06
0.599999999999961E-07 0.933999999999943E+02  0.109827314004367E+05  0.285864281490398E+06
0.619999999999958E-07 0.963799999999937E+02  0.115916145945141E+05  0.283707761688919E+06
0.639999999999954E-07 0.993599999999931E+02  0.993691673952562E+04  0.284461442019761E+06
0.659999999999950E-07 0.102339999999993E+03  0.147973046237596E+05  0.283426410788285E+06
0.679999999999946E-07 0.105319999999992E+03  0.126241093620915E+05  0.285042000246301E+06
0.699999999999942E-07 0.108299999999991E+03  0.115759858738544E+05  0.281950483600770E+06
0.719999999999939E-07 0.111279999999991E+03  0.940623000689892E+04  0.280371437593634E+06
0.739999999999935E-07 0.114259999999990E+03  0.740170692045803E+04  0.282875078399247E+06
0.759999999999931E-07 0.117239999999990E+03  0.105650601350472E+05  0.284717178489242E+06
0.779999999999927E-07 0.120219999999989E+03  0.113075884828828E+05  0.280915736948573E+06
0.799999999999924E-07 0.123199999999989E+03  0.102277658200081E+05  0.282560535234628E+06
0.819999999999920E-07 0.126179999999988E+03  0.102460533403537E+05  0.280505779007545E+06
0.839999999999916E-07 0.129159999999987E+03  0.136528710388434E+05  0.281382155832007E+06
0.859999999999912E-07 0.132139999999987E+03  0.122568413723944E+05  0.281500144670726E+06
0.879999999999908E-07 0.135119999999986E+03  0.124294341337137E+05  0.285163846531265E+06
0.899999999999905E-07 0.138099999999986E+03  0.127955811293327E+05  0.277723769676185E+06
0.919999999999901E-07 0.141079999999985E+03  0.130938819891018E+05  0.281343429580258E+06
0.939999999999897E-07 0.144059999999985E+03  0.109513031131388E+05  0.280768139061410E+06
0.959999999999893E-07 0.147039999999984E+03  0.912305369669295E+04  0.280324216961898E+06
0.979999999999889E-07 0.150019999999984E+03  0.106588742838219E+05  0.280731692478192E+06
0.999999999999886E-07 0.152999999999983E+03  0.859013498045914E+04  0.276243732426533E+06
0.101999999999988E-06 0.155979999999982E+03  0.131691412912689E+05  0.276501255353001E+06
0.103999999999988E-06 0.158959999999982E+03  0.133357702238594E+05  0.275701673630847E+06
0.105999999999987E-06 0.161939999999981E+03  0.104203751196763E+05  0.282546926459084E+06
0.107999999999987E-06 0.164919999999981E+03  0.153017104994736E+05  0.278031709404701E+06
0.109999999999987E-06 0.167899999999980E+03  0.104468440455044E+05  0.275698065328071E+06
0.111999999999986E-06 0.170879999999980E+03  0.101161596882457E+05  0.275808882210133E+06
0.113999999999986E-06 0.173859999999979E+03  0.136616992805592E+05  0.276973893246386E+06
0.115999999999986E-06 0.176839999999978E+03  0.134394831354089E+05  0.277740314664119E+06
0.117999999999985E-06 0.179819999999978E+03  0.127523976892661E+05  0.276457751798328E+06
0.119999999999986E-06 0.182799999999979E+03  0.110809228571435E+05  0.273801313823809E+06
0.121999999999988E-06 0.185779999999982E+03  0.708246645280542E+04  0.276628856154230E+06
0.123999999999990E-06 0.188759999999986E+03  0.626665393749974E+04  0.273372008195796E+06
0.125999999999993E-06 0.191739999999989E+03  0.136680399332041E+05  0.274017878615834E+06
0.127999999999995E-06 0.194719999999992E+03  0.790676858768331E+04  0.272272155036515E+06
0.129999999999997E-06 0.197699999999996E+03  0.105077062738919E+05  0.268874992829987E+06
0.131999999999999E-06 0.200679999999999E+03  0.881884230459381E+04  0.274409053576063E+06
0.134000000000002E-06 0.203660000000003E+03  0.559317448776831E+04  0.270246954211281E+06
0.136000000000004E-06 0.206640000000006E+03  0.647525988991714E+04  0.272729159192079E+06
0.138000000000006E-06 0.209620000000009E+03  0.152939635309747E+05  0.267467945367521E+06
0.140000000000009E-06 0.212600000000013E+03  0.118364428759170E+05  0.271889570952384E+06
0.142000000000011E-06 0.215580000000016E+03  0.120024651411828E+05  0.266664937924643E+06
0.144000000000013E-06 0.218560000000019E+03  0.770209606317678E+04  0.264790925828138E+06
0.146000000000015E-06 0.221540000000023E+03  0.111356555108507E+05  0.260729433633363E+06
0.148000000000018E-06 0.224520000000026E+03  0.150980269942362E+04  0.270724565902151E+06
0.150000000000020E-06 0.227500000000030E+03  0.626170592928202E+04  0.265811644068959E+06
0.152000000000022E-06 0.230480000000033E+03  0.495929107190489E+04  0.263240351559507E+06
0.154000000000024E-06 0.233460000000036E+03  0.120988780363931E+05  0.261317292264944E+06
0.156000000000027E-06 0.236440000000040E+03  0.500580317228495E+04  0.263731790831663E+06
0.158000000000029E-06 0.239420000000043E+03  0.965007111250726E+04  0.260105056276418E+06
0.160000000000031E-06 0.242400000000046E+03  0.562787150134282E+04  0.252874728071510E+06
0.162000000000033E-06 0.245380000000050E+03  0.120080825096283E+05  0.259065846320622E+06
0.164000000000036E-06 0.248360000000053E+03  0.130483675941511E+05  0.253285759279173E+06
0.166000000000038E-06 0.251340000000057E+03  0.107321812789804E+05  0.252498240716535E+06
0.168000000000040E-06 0.254320000000060E+03  0.100813822482805E+05  0.249035895084454E+06
0.170000000000043E-06 0.257300000000063E+03  0.162571268730226E+05  0.242424630414675E+06
0.172000000000045E-06 0.260280000000067E+03  0.164864290462718E+05  0.243159916385287E+06
0.174000000000047E-06 0.263260000000070E+03  0.171164393455133E+05  0.239539722597610E+06
0.176000000000049E-06 0.266240000000074E+03  0.264596572140803E+05  0.232865347110656E+06
0.178000000000052E-06 0.269220000000077E+03  0.236204387926780E+05  0.233548383006279E+06
0.180000000000054E-06 0.272200000000080E+03  0.266154719487201E+05  0.230298653347390E+06
0.182000000000056E-06 0.275180000000084E+03  0.287584951972647E+05  0.231159314999671E+06
0.184000000000058E-06 0.278160000000087E+03  0.319198966677857E+05  0.219509171707462E+06
0.186000000000061E-06 0.281140000000090E+03  0.340793536880027E+05  0.217614248180992E+06
0.188000000000063E-06 0.284120000000094E+03  0.436975432924994E+05  0.213966193998216E+06
0.190000000000065E-06 0.287100000000097E+03  0.355457034055521E+05  0.215371345179713E+06
0.192000000000067E-06 0.290080000000101E+03  0.357300478793067E+05  0.221658633526563E+06
0.194000000000070E-06 0.293060000000104E+03  0.386187407760440E+05  0.213055992344469E+06
0.196000000000072E-06 0.296040000000107E+03  0.425383034019425E+05  0.209524847374022E+06
0.198000000000074E-06 0.299020000000111E+03  0.449133930219929E+05  0.201728002268740E+06
0.200000000000077E-06 0.302000000000114E+03  0.517086053124183E+05  0.196979425910954E+06
0.202000000000079E-06 0.304980000000117E+03  0.535018686591560E+05  0.187688851247168E+06
0.204000000000081E-06 0.307960000000121E+03  0.472381109232793E+05  0.185651179252440E+06
0.206000000000083E-06 0.310940000000124E+03  0.452639592167338E+05  0.177629939564732E+06
0.208000000000086E-06 0.313920000000128E+03  0.520604491598684E+05  0.183270735703214E+06
0.210000000000088E-06 0.316900000000131E+03  0.525076423974022E+05  0.175607019783694E+06
0.212000000000090E-06 0.319880000000134E+03  0.595495247372992E+05  0.171262764712171E+06
0.214000000000092E-06 0.322860000000138E+03  0.528622277826145E+05  0.168853996288117E+06
0.216000000000095E-06 0.325840000000141E+03  0.541853388998174E+05  0.174828510907979E+06
0.218000000000097E-06 0.328820000000144E+03  0.475115847346712E+05  0.154132939171373E+06
0.220000000000099E-06 0.331800000000148E+03  0.446834747546310E+05  0.157023280719918E+06
0.222000000000101E-06 0.334780000000151E+03  0.466515354921152E+05  0.151934231410999E+06
0.224000000000104E-06 0.337760000000155E+03  0.396301722650227E+05  0.142945563349664E+06
0.226000000000106E-06 0.340740000000158E+03  0.496059988438212E+05  0.142883635249997E+06
0.228000000000108E-06 0.343720000000161E+03  0.449018264358140E+05  0.128506184001246E+06
0.230000000000111E-06 0.346700000000165E+03  0.430513808760003E+05  0.116018693197273E+06
0.232000000000113E-06 0.349680000000168E+03  0.533208639556646E+05  0.108618310614766E+06
0.234000000000115E-06 0.352660000000171E+03  0.551576830564083E+05  0.112855238209152E+06
0.236000000000117E-06 0.355640000000175E+03  0.584893955749392E+05  0.105760365842871E+06
0.238000000000120E-06 0.358620000000178E+03  0.563315958060450E+05  0.997547631908661E+05
0.240000000000122E-06 0.361600000000182E+03  0.581809095088350E+05  0.103416625940830E+06
0.242000000000124E-06 0.364580000000185E+03  0.599711907248312E+05  0.103512267825864E+06
0.244000000000126E-06 0.367560000000188E+03  0.682026078588179E+05  0.893314907071549E+05
0.246000000000129E-06 0.370540000000192E+03  0.648845858917743E+05  0.872302697193757E+05
0.248000000000131E-06 0.373520000000195E+03  0.633318959296755E+05  0.790803696403265E+05
0.250000000000133E-06 0.376500000000198E+03  0.574143240098364E+05  0.914036896319545E+05
0.252000000000136E-06 0.379480000000202E+03  0.496846824763023E+05  0.852219218911577E+05
0.254000000000138E-06 0.382460000000205E+03  0.613336628409977E+05  0.787971432381316E+05
0.256000000000140E-06 0.385440000000209E+03  0.565430446915063E+05  0.790686820977466E+05
0.258000000000142E-06 0.388420000000212E+03  0.568249136722356E+05  0.770624711660459E+05
0.260000000000145E-06 0.391400000000215E+03  0.588524014691778E+05  0.683571388930085E+05
0.262000000000147E-06 0.394380000000219E+03  0.598230322276733E+05  0.682960885827855E+05
0.264000000000149E-06 0.397360000000222E+03  0.661602371043038E+05  0.693888280396028E+05
0.266000000000151E-06 0.400340000000226E+03  0.617953047425078E+05  0.752142348271813E+05
0.268000000000154E-06 0.403320000000229E+03  0.649251903387406E+05  0.708451522249064E+05
0.270000000000156E-06 0.406300000000232E+03  0.619461671994018E+05  0.810576609208425E+05
0.272000000000158E-06 0.409280000000236E+03  0.551410970450801E+05  0.680110570189437E+05
0.274000000000160E-06 0.412260000000239E+03  0.528449008262597E+05  0.710946092733807E+05
0.276000000000163E-06 0.415240000000243E+03  0.545605133070702E+05  0.571224780407377E+05
0.278000000000165E-06 0.418220000000246E+03  0.530285180140079E+05  0.568616758208103E+05
0.280000000000167E-06 0.421200000000249E+03  0.513754123630681E+05  0.491832300047602E+05
0.282000000000170E-06 0.424180000000253E+03  0.646276036473449E+05  0.562272017549853E+05
0.284000000000172E-06 0.427160000000256E+03  0.526542545082296E+05  0.454171602777545E+05
0.286000000000174E-06 0.430140000000259E+03  0.626589908257834E+05  0.518893272285611E+05
0.288000000000176E-06 0.433120000000263E+03  0.579728399934051E+05  0.428901801688098E+05
0.290000000000179E-06 0.436100000000266E+03  0.556156272468190E+05  0.435031719547216E+05
0.292000000000181E-06 0.439080000000269E+03  0.592128864062938E+05  0.480408214144201E+05
0.294000000000183E-06 0.442060000000273E+03  0.679655610218522E+05  0.438026488393333E+05
0.296000000000185E-06 0.445040000000276E+03  0.520991200704550E+05  0.443707960066494E+05
0.298000000000188E-06 0.448020000000280E+03  0.610489267498025E+05  0.450721123385357E+05
0.300000000000190E-06 0.451000000000283E+03  0.586219218017085E+05  0.522606077900193E+05
0.302000000000192E-06 0.453980000000286E+03  0.571424117470691E+05  0.451463425477325E+05
0.304000000000194E-06 0.456960000000290E+03  0.638396679860166E+05  0.607831722832856E+05
0.306000000000197E-06 0.459940000000293E+03  0.618734279543925E+05  0.593605021792703E+05
0.308000000000199E-06 0.462920000000297E+03  0.585601107153969E+05  0.560303009649530E+05
0.310000000000201E-06 0.465900000000300E+03  0.517827730047575E+05  0.684575996992804E+05
0.312000000000204E-06 0.468880000000303E+03  0.448763420457116E+05  0.532846743844044E+05
0.314000000000206E-06 0.471860000000307E+03  0.512437313452886E+05  0.580701598487819E+05
0.316000000000208E-06 0.474840000000310E+03  0.643960830871633E+05  0.573209232296379E+05
0.318000000000210E-06 0.477820000000313E+03  0.622358983113479E+05  0.497213077540030E+05
0.320000000000213E-06 0.480800000000317E+03  0.588383780564784E+05  0.417053287413082E+05
0.322000000000215E-06 0.483780000000320E+03  0.516252137855432E+05  0.569321225712695E+05
0.324000000000217E-06 0.486760000000324E+03  0.531201957348784E+05  0.589327664612426E+05
0.326000000000219E-06 0.489740000000327E+03  0.544146449012229E+05  0.661895371019586E+05
0.328000000000222E-06 0.492720000000330E+03  0.698779728274928E+05  0.564147216380953E+05
0.330000000000224E-06 0.495700000000334E+03  0.566573887909484E+05  0.579991297415661E+05
0.332000000000226E-06 0.498680000000337E+03  0.569917008716510E+05  0.558746072270962E+05
0.334000000000228E-06 0.501660000000340E+03  0.455192996692834E+05  0.431771857477114E+05
0.336000000000231E-06 0.504640000000344E+03  0.496175771390044E+05  0.452815953302658E+05
0.338000000000233E-06 0.507620000000347E+03  0.444705394485621E+05  0.467218892237139E+05
0.340000000000235E-06 0.510600000000351E+03  0.518307449505455E+05  0.354972048460731E+05
0.342000000000238E-06 0.513580000000354E+03  0.489769679443962E+05  0.295480930184646E+05
0.344000000000240E-06 0.516560000000357E+03  0.380974451896284E+05  0.294250417086487E+05
0.346000000000242E-06 0.519540000000361E+03  0.449743597918314E+05  0.471448434615890E+05
0.348000000000244E-06 0.522520000000364E+03  0.422627454726561E+05  0.490507579974686E+05
0.350000000000247E-06 0.525500000000368E+03  0.474057340361895E+05  0.537159337579916E+05
0.352000000000249E-06 0.528480000000371E+03  0.480841219221074E+05  0.404326787247938E+05
0.354000000000251E-06 0.531460000000374E+03  0.387066633196584E+05  0.378858884745739E+05
0.356000000000253E-06 0.534440000000378E+03  0.405210091776560E+05  0.361655824322301E+05
0.358000000000256E-06 0.537420000000381E+03  0.420490777414168E+05  0.372233153520083E+05
0.360000000000258E-06 0.540400000000384E+03  0.436710866271635E+05  0.421112420521644E+05
0.362000000000260E-06 0.543380000000388E+03  0.406462201881605E+05  0.379168723709077E+05
0.364000000000263E-06 0.546360000000391E+03  0.361663350778788E+05  0.430047087652606E+05
0.366000000000265E-06 0.549340000000395E+03  0.264107871813104E+05  0.339841818701527E+05
0.368000000000267E-06 0.552320000000398E+03  0.369494165399581E+05  0.430733045076335E+05
0.370000000000269E-06 0.555300000000401E+03  0.247799271874976E+05  0.412438280748939E+05
0.372000000000272E-06 0.558280000000405E+03  0.334052548069135E+05  0.514329110360727E+05
0.374000000000274E-06 0.561260000000408E+03  0.453291167461116E+05  0.496165944201341E+05
0.376000000000276E-06 0.564240000000411E+03  0.437148504138277E+05  0.447812066306553E+05
0.378000000000278E-06 0.567220000000415E+03  0.288896797909568E+05  0.446361019550890E+05
0.380000000000281E-06 0.570200000000418E+03  0.378498938449152E+05  0.352565919208916E+05
0.382000000000283E-06 0.573180000000422E+03  0.314496635671515E+05  0.435203316005309E+05
0.384000000000285E-06 0.576160000000425E+03  0.302771036772968E+05  0.328751320045495E+05
0.386000000000287E-06 0.579140000000428E+03  0.379403813439629E+05  0.236572153520749E+05
0.388000000000290E-06 0.582120000000432E+03  0.458315107605568E+05  0.379080361893886E+05
0.390000000000292E-06 0.585100000000435E+03  0.439967999767985E+05  0.259026281507315E+05
0.392000000000294E-06 0.588080000000439E+03  0.371230876453882E+05  0.258935142053133E+05
0.394000000000297E-06 0.591060000000442E+03  0.339521280474607E+05  0.330690426168529E+05
0.396000000000299E-06 0.594040000000445E+03  0.352898507587851E+05  0.259261184261565E+05
0.398000000000301E-06 0.597020000000449E+03  0.476248756610971E+05  0.251476558299504E+05
0.400000000000303E-06 0.600000000000452E+03  0.503513479903678E+05  0.223154609945720E+05
