#                t(s)                  T(K)             M_ZFC(A/m)              M_FC(A/m)
0.200000000000000E-08 0.698000000000000E+01  0.570998061144648E+04  0.293715922491473E+06
0.400000000000002E-08 0.996000000000003E+01  0.611786533527808E+04  0.293369101383487E+06
0.599999999999997E-08 0.129400000000000E+02  0.552686287999793E+04  0.293498875516926E+06
0.799999999999992E-08 0.159199999999999E+02  0.576837943043401E+04  0.292097148417316E+06
0.999999999999988E-08 0.188999999999998E+02  0.546659798015210E+04  0.292154835169894E+06
0.119999999999998E-07 0.218799999999997E+02  0.454385371972386E+04  0.291981995943577E+06
0.139999999999998E-07 0.248599999999997E+02  0.465868563103778E+04  0.292417065697075E+06
0.159999999999999E-07 0.278399999999999E+02  0.619456875169935E+04  0.290552548054578E+06
0.180000000000002E-07 0.308200000000003E+02  0.646521530888910E+04  0.292219936523295E+06
0.200000000000005E-07 0.338000000000007E+02  0.638785664712063E+04  0.292151602542014E+06
0.220000000000008E-07 0.367800000000011E+02  0.571594103644222E+04  0.288720978078049E+06
0.240000000000010E-07 0.397600000000016E+02  0.467531843384222E+04  0.292078008776587E+06
0.260000000000013E-07 0.427400000000020E+02  0.486268498661903E+04  0.290564974691234E+06
0.280000000000016E-07 0.457200000000024E+02  0.450423303428655E+04  0.290167138272937E+06
0.300000000000018E-07 0.487000000000027E+02  0.694781241683987E+04  0.289409011016827E+06
0.320000000000014E-07 0.516800000000022E+02  0.567091472814846E+04  0.289320807942908E+06
0.340000000000011E-07 0.546600000000016E+02  0.584511003871997E+04  0.288921517371539E+06
0.360000000000007E-07 0.576400000000010E+02  0.670988760906078E+04  0.290096120881053E+06
0.380000000000003E-07 0.606200000000005E+02  0.672985569028610E+04  0.289616089916700E+06
0.399999999999999E-07 0.635999999999999E+02  0.358153199019103E+04  0.288495708312029E+06
0.419999999999995E-07 0.665799999999993E+02  0.462820831621845E+04  0.288868686510611E+06
0.439999999999992E-07 0.695599999999988E+02  0.569716282494967E+04  0.288835572445032E+06
0.459999999999988E-07 0.725399999999982E+02  0.587926949075280E+04  0.290567380230945E+06
0.479999999999984E-07 0.755199999999976E+02  0.614900251531693E+04  0.287637628325039E+06
0.499999999999980E-07 0.784999999999971E+02  0.711507553412752E+04  0.289224287612712E+06
0.519999999999977E-07 0.814799999999965E+02  0.695816748887215E+04  0.289701337716612E+06
0.539999999999973E-07 0.844599999999959E+02  0.641505080967994E+04  0.288107041946382E+06
0.559999999999969E-07 0.874399999999954E+02  0.854162833435963E+04  0.286942147199759E+06
0.579999999999965E-07 0.904199999999948E+02  0.597312125946844E+04  0.285804963635620E+06
0.599999999999961E-07 0.933999999999943E+02  0.683045232297785E+04  0.287217786818009E+06
0.619999999999958E-07 0.963799999999937E+02  0.614735316681427E+04  0.289017405720083E+06
0.639999999999954E-07 0.993599999999931E+02  0.319360442277490E+04  0.285940116766193E+06
0.659999999999950E-07 0.102339999999993E+03  0.597496620362067E+04  0.287045301886588E+06
0.679999999999946E-07 0.105319999999992E+03  0.846227140895322E+04  0.284337829553081E+06
0.699999999999942E-07 0.108299999999991E+03  0.117545237579980E+05  0.285712530764877E+06
0.719999999999939E-07 0.111279999999991E+03  0.896403463688693E+04  0.283001992342007E+06
0.739999999999935E-07 0.114259999999990E+03  0.603207648821110E+04  0.282014851017908E+06
0.759999999999931E-07 0.117239999999990E+03  0.537181782793427E+04  0.286920329745393E+06
0.779999999999927E-07 0.120219999999989E+03  0.597927923271465E+04  0.284056023557201E+06
0.799999999999924E-07 0.123199999999989E+03  0.107061604900006E+05  0.282993108158978E+06
0.819999999999920E-07 0.126179999999988E+03  0.727167842924376E+04  0.286291209781628E+06
0.839999999999916E-07 0.129159999999987E+03  0.342660969908514E+04  0.283213839065361E+06
0.859999999999912E-07 0.132139999999987E+03  0.692838061126669E+04  0.282883243627110E+06
0.879999999999908E-07 0.135119999999986E+03  0.719176523041427E+04  0.279889275889201E+06
0.899999999999905E-07 0.138099999999986E+03  0.572406776424629E+04  0.283130143865700E+06
0.919999999999901E-07 0.141079999999985E+03  0.697555770747935E+04  0.284575215003898E+06
0.939999999999897E-07 0.144059999999985E+03  0.540828637448267E+04  0.281967194368261E+06
0.959999999999893E-07 0.147039999999984E+03  0.451672396715551E+04  0.282548649792319E+06
0.979999999999889E-07 0.150019999999984E+03  0.439941306896547E+04  0.277053352712043E+06
0.999999999999886E-07 0.152999999999983E+03  0.534181190535276E+04  0.284056977615411E+06
0.101999999999988E-06 0.155979999999982E+03  0.790102447552518E+04  0.284063675033495E+06
0.103999999999988E-06 0.158959999999982E+03  0.660379121133783E+04  0.281921101287829E+06
0.105999999999987E-06 0.161939999999981E+03  0.225962219544207E+04  0.280162248432008E+06
0.107999999999987E-06 0.164919999999981E+03  0.497909327089406E+04  0.277756462494903E+06
0.109999999999987E-06 0.167899999999980E+03  0.502618905834868E+04  0.279310604168838E+06
0.111999999999986E-06 0.170879999999980E+03  0.411660985270060E+03  0.277298446844602E+06
0.113999999999986E-06 0.173859999999979E+03  0.887011198415963E+04  0.275333807657611E+06
0.115999999999986E-06 0.176839999999978E+03  0.108362225952849E+05  0.279454025035662E+06
0.117999999999985E-06 0.179819999999978E+03  0.539783810445026E+04  0.271160556039379E+06
0.119999999999986E-06 0.182799999999979E+03  0.630321463615365E+04  0.272466925119768E+06
0.121999999999988E-06 0.185779999999982E+03  0.100238047007735E+05  0.274448538484163E+06
0.123999999999990E-06 0.188759999999986E+03  0.105392931810321E+05  0.274161301327984E+06
0.125999999999993E-06 0.191739999999989E+03  0.964163155715379E+04  0.274423981169670E+06
0.127999999999995E-06 0.194719999999992E+03  0.764165387267530E+04  0.271270826344267E+06
0.129999999999997E-06 0.197699999999996E+03  0.638442263961010E+04  0.273639726383577E+06
0.131999999999999E-06 0.200679999999999E+03  0.877928159985257E+04  0.269767434021772E+06
0.134000000000002E-06 0.203660000000003E+03  0.125852115375223E+05  0.273886809064422E+06
0.136000000000004E-06 0.206640000000006E+03  0.948521507313569E+04  0.269952749502503E+06
0.138000000000006E-06 0.209620000000009E+03  0.108403613418204E+05  0.269074455669697E+06
0.140000000000009E-06 0.212600000000013E+03  0.151740075664273E+05  0.266468998043700E+06
0.142000000000011E-06 0.215580000000016E+03  0.896582461017922E+04  0.266141071911480E+06
0.144000000000013E-06 0.218560000000019E+03  0.106542234001420E+05  0.271295161931456E+06
0.146000000000015E-06 0.221540000000023E+03  0.119017755933626E+05  0.264526899994048E+06
0.148000000000018E-06 0.224520000000026E+03  0.138098660991275E+05  0.263044560277979E+06
0.150000000000020E-06 0.227500000000030E+03  0.123995483170158E+05  0.258983792134725E+06
0.152000000000022E-06 0.230480000000033E+03  0.194412563470266E+05  0.261363291441581E+06
0.154000000000024E-06 0.233460000000036E+03  0.126386159617532E+05  0.258067603803311E+06
0.156000000000027E-06 0.236440000000040E+03  0.185466357462450E+05  0.259755292203208E+06
0.158000000000029E-06 0.239420000000043E+03  0.189497272121397E+05  0.256402743065525E+06
0.160000000000031E-06 0.242400000000046E+03  0.216304179331296E+05  0.248499082399171E+06
0.162000000000033E-06 0.245380000000050E+03  0.197388931788785E+05  0.253236700769500E+06
0.164000000000036E-06 0.248360000000053E+03  0.293412178251180E+05  0.250537857849274E+06
0.166000000000038E-06 0.251340000000057E+03  0.250602352351077E+05  0.248966872515159E+06
0.168000000000040E-06 0.254320000000060E+03  0.309570137801186E+05  0.238802742041484E+06
0.170000000000043E-06 0.257300000000063E+03  0.293596271225176E+05  0.242179680611395E+06
0.172000000000045E-06 0.260280000000067E+03  0.263854972600086E+05  0.237569449776493E+06
0.174000000000047E-06 0.263260000000070E+03  0.231495009499627E+05  0.236153513103068E+06
0.176000000000049E-06 0.266240000000074E+03  0.258757786622063E+05  0.231190188733048E+06
0.178000000000052E-06 0.269220000000077E+03  0.264074077926652E+05  0.227301343110965E+06
0.180000000000054E-06 0.272200000000080E+03  0.299621972471690E+05  0.224655991189328E+06
0.182000000000056E-06 0.275180000000084E+03  0.310275977981222E+05  0.226547400603735E+06
0.184000000000058E-06 0.278160000000087E+03  0.268734379264733E+05  0.218596124388069E+06
0.186000000000061E-06 0.281140000000090E+03  0.325469941295949E+05  0.212173590307584E+06
0.188000000000063E-06 0.284120000000094E+03  0.344569334288031E+05  0.206103527684165E+06
0.190000000000065E-06 0.287100000000097E+03  0.324771969214177E+05  0.208558014745370E+06
0.192000000000067E-06 0.290080000000101E+03  0.334586920869254E+05  0.201081284601335E+06
0.194000000000070E-06 0.293060000000104E+03  0.303414199385467E+05  0.203727223771325E+06
0.196000000000072E-06 0.296040000000107E+03  0.395236737226705E+05  0.199991254451258E+06
0.198000000000074E-06 0.299020000000111E+03  0.385375352587008E+05  0.186689470675327E+06
0.200000000000077E-06 0.302000000000114E+03  0.372079032934285E+05  0.192433209405206E+06
0.202000000000079E-06 0.304980000000117E+03  0.339742161019066E+05  0.182149527733145E+06
0.204000000000081E-06 0.307960000000121E+03  0.372971636606252E+05  0.174974516627269E+06
0.206000000000083E-06 0.310940000000124E+03  0.326563291310630E+05  0.164518488603779E+06
0.208000000000086E-06 0.313920000000128E+03  0.396394963901241E+05  0.163146448402798E+06
0.210000000000088E-06 0.316900000000131E+03  0.379913474423450E+05  0.156527678176732E+06
0.212000000000090E-06 0.319880000000134E+03  0.333208282010506E+05  0.153172350580209E+06
0.214000000000092E-06 0.322860000000138E+03  0.395177157085888E+05  0.149620786757108E+06
0.216000000000095E-06 0.325840000000141E+03  0.412704106779235E+05  0.147812715834625E+06
0.218000000000097E-06 0.328820000000144E+03  0.488569345743453E+05  0.136265826226703E+06
0.220000000000099E-06 0.331800000000148E+03  0.547889027777494E+05  0.128525719341403E+06
0.222000000000101E-06 0.334780000000151E+03  0.468710045611171E+05  0.129730523777584E+06
0.224000000000104E-06 0.337760000000155E+03  0.493138032041015E+05  0.131370535915157E+06
0.226000000000106E-06 0.340740000000158E+03  0.478616205167998E+05  0.123247458608841E+06
0.228000000000108E-06 0.343720000000161E+03  0.630656174316986E+05  0.120751938775294E+06
0.230000000000111E-06 0.346700000000165E+03  0.588043673936808E+05  0.116145220556774E+06
0.232000000000113E-06 0.349680000000168E+03  0.591402751502023E+05  0.113112111743501E+06
0.234000000000115E-06 0.352660000000171E+03  0.646963429924392E+05  0.110186296551918E+06
0.236000000000117E-06 0.355640000000175E+03  0.723325689981879E+05  0.115417624224041E+06
0.238000000000120E-06 0.358620000000178E+03  0.713023451074722E+05  0.112413690892990E+06
0.240000000000122E-06 0.361600000000182E+03  0.718861372144825E+05  0.111150308507629E+06
0.242000000000124E-06 0.364580000000185E+03  0.611162071625801E+05  0.106368812762630E+06
0.244000000000126E-06 0.367560000000188E+03  0.649960979071557E+05  0.102008594943004E+06
0.246000000000129E-06 0.370540000000192E+03  0.661894399987028E+05  0.961249846869213E+05
0.248000000000131E-06 0.373520000000195E+03  0.696781518360753E+05  0.905377471117102E+05
0.250000000000133E-06 0.376500000000198E+03  0.561000262177621E+05  0.903554639840834E+05
0.252000000000136E-06 0.379480000000202E+03  0.493759139400485E+05  0.860232302734681E+05
0.254000000000138E-06 0.382460000000205E+03  0.531937438542180E+05  0.741594652570580E+05
0.256000000000140E-06 0.385440000000209E+03  0.523856383727822E+05  0.814513225838180E+05
0.258000000000142E-06 0.388420000000212E+03  0.527435254961799E+05  0.761607035348107E+05
0.260000000000145E-06 0.391400000000215E+03  0.549874061025024E+05  0.708727870122428E+05
0.262000000000147E-06 0.394380000000219E+03  0.528048897018573E+05  0.707724979164666E+05
0.264000000000149E-06 0.397360000000222E+03  0.651396991639482E+05  0.667117250916699E+05
0.266000000000151E-06 0.400340000000226E+03  0.626861968316886E+05  0.700860491364898E+05
0.268000000000154E-06 0.403320000000229E+03  0.585447305160534E+05  0.584668078206014E+05
0.270000000000156E-06 0.406300000000232E+03  0.613666122014859E+05  0.579966782397711E+05
0.272000000000158E-06 0.409280000000236E+03  0.537395248638892E+05  0.593642605179543E+05
0.274000000000160E-06 0.412260000000239E+03  0.516633173510181E+05  0.571756334555568E+05
0.276000000000163E-06 0.415240000000243E+03  0.547544719174205E+05  0.598872353741053E+05
0.278000000000165E-06 0.418220000000246E+03  0.460121271489674E+05  0.630653077389121E+05
0.280000000000167E-06 0.421200000000249E+03  0.509732760822113E+05  0.504231385523821E+05
0.282000000000170E-06 0.424180000000253E+03  0.559692401613234E+05  0.512467612280714E+05
0.284000000000172E-06 0.427160000000256E+03  0.472922435707951E+05  0.574997142680014E+05
0.286000000000174E-06 0.430140000000259E+03  0.526848821479492E+05  0.569891595798449E+05
0.288000000000176E-06 0.433120000000263E+03  0.521729100786693E+05  0.608544707015708E+05
0.290000000000179E-06 0.436100000000266E+03  0.548751423448193E+05  0.563430750979020E+05
0.292000000000181E-06 0.439080000000269E+03  0.416308638239340E+05  0.596364372730533E+05
0.294000000000183E-06 0.442060000000273E+03  0.538277772629454E+05  0.621348529236652E+05
0.296000000000185E-06 0.445040000000276E+03  0.387769277792153E+05  0.555030443650700E+05
0.298000000000188E-06 0.448020000000280E+03  0.503866059206946E+05  0.611707476595032E+05
0.300000000000190E-06 0.451000000000283E+03  0.438532687810981E+05  0.557600369937506E+05
0.302000000000192E-06 0.453980000000286E+03  0.374596418302004E+05  0.595687921827661E+05
0.304000000000194E-06 0.456960000000290E+03  0.354772927565685E+05  0.516403463310389E+05
0.306000000000197E-06 0.459940000000293E+03  0.425368511069775E+05  0.544595318135636E+05
0.308000000000199E-06 0.462920000000297E+03  0.224516044192858E+05  0.525310280759154E+05
0.310000000000201E-06 0.465900000000300E+03  0.404711064278554E+05  0.480755052291236E+05
0.312000000000204E-06 0.468880000000303E+03  0.395898247903077E+05  0.540301523659474E+05
0.314000000000206E-06 0.471860000000307E+03  0.384232210844215E+05  0.652641402652333E+05
0.316000000000208E-06 0.474840000000310E+03  0.389691360505769E+05  0.490125164157656E+05
0.318000000000210E-06 0.477820000000313E+03  0.428737597692479E+05  0.454631262504250E+05
0.320000000000213E-06 0.480800000000317E+03  0.489057174175385E+05  0.400474754040756E+05
0.322000000000215E-06 0.483780000000320E+03  0.492070682124054E+05  0.501650935946944E+05
0.324000000000217E-06 0.486760000000324E+03  0.391274266323484E+05  0.429899813334634E+05
0.326000000000219E-06 0.489740000000327E+03  0.401832046568587E+05  0.523338633626436E+05
0.328000000000222E-06 0.492720000000330E+03  0.384516432020959E+05  0.503460577195423E+05
0.330000000000224E-06 0.495700000000334E+03  0.496777977115848E+05  0.613062118793432E+05
0.332000000000226E-06 0.498680000000337E+03  0.521093998681619E+05  0.539788302412809E+05
0.334000000000228E-06 0.501660000000340E+03  0.393855366444607E+05  0.488232153131344E+05
0.336000000000231E-06 0.504640000000344E+03  0.377258010335226E+05  0.537788501751050E+05
0.338000000000233E-06 0.507620000000347E+03  0.440196482978148E+05  0.481795914864873E+05
0.340000000000235E-06 0.510600000000351E+03  0.433334010950809E+05  0.491986371953288E+05
0.342000000000238E-06 0.513580000000354E+03  0.452078008758960E+05  0.548037769045725E+05
0.344000000000240E-06 0.516560000000357E+03  0.421399468783847E+05  0.508882961779329E+05
0.346000000000242E-06 0.519540000000361E+03  0.496786162826296E+05  0.457076656837643E+05
0.348000000000244E-06 0.522520000000364E+03  0.536437722855814E+05  0.408116740186764E+05
0.350000000000247E-06 0.525500000000368E+03  0.434845210108071E+05  0.389211943754999E+05
0.352000000000249E-06 0.528480000000371E+03  0.472908828890235E+05  0.438308309889238E+05
0.354000000000251E-06 0.531460000000374E+03  0.383544542437259E+05  0.350601324572043E+05
0.356000000000253E-06 0.534440000000378E+03  0.402693694709038E+05  0.336463058740541E+05
0.358000000000256E-06 0.537420000000381E+03  0.421750468953924E+05  0.431502503158709E+05
0.360000000000258E-06 0.540400000000384E+03  0.462440264625492E+05  0.369623472416611E+05
0.362000000000260E-06 0.543380000000388E+03  0.351279022865177E+05  0.402645853029179E+05
0.364000000000263E-06 0.546360000000391E+03  0.382599780829539E+05  0.373936673868182E+05
0.366000000000265E-06 0.549340000000395E+03  0.514647950018978E+05  0.262471113888320E+05
0.368000000000267E-06 0.552320000000398E+03  0.516676201873870E+05  0.403713189740729E+05
0.370000000000269E-06 0.555300000000401E+03  0.393383880117735E+05  0.411684331154592E+05
0.372000000000272E-06 0.558280000000405E+03  0.400616931682600E+05  0.304396907467104E+05
0.374000000000274E-06 0.561260000000408E+03  0.425317887679677E+05  0.531890974662683E+05
0.376000000000276E-06 0.564240000000411E+03  0.457636276608154E+05  0.389130942369718E+05
0.378000000000278E-06 0.567220000000415E+03  0.390413928336761E+05  0.338612699608052E+05
0.380000000000281E-06 0.570200000000418E+03  0.270458728051966E+05  0.336726763043544E+05
0.382000000000283E-06 0.573180000000422E+03  0.259054384860665E+05  0.377111650416821E+05
0.384000000000285E-06 0.576160000000425E+03  0.260370817673512E+05  0.369759249565758E+05
0.386000000000287E-06 0.579140000000428E+03  0.218071104027460E+05  0.336398669400509E+05
0.388000000000290E-06 0.582120000000432E+03  0.300351102521658E+05  0.347536661214732E+05
0.390000000000292E-06 0.585100000000435E+03  0.354689829295219E+05  0.377060527536617E+05
0.392000000000294E-06 0.588080000000439E+03  0.426773727408248E+05  0.265503295942551E+05
0.394000000000297E-06 0.591060000000442E+03  0.431491182598049E+05  0.426266728731738E+05
0.396000000000299E-06 0.594040000000445E+03  0.354442947894702E+05  0.235550474473525E+05
0.398000000000301E-06 0.597020000000449E+03  0.473889745797014E+05  0.234018971443366E+05
0.400000000000303E-06 0.600000000000452E+03  0.442658857208920E+05  0.369174596896590E+05
