#                t(s)                  T(K)             M_ZFC(A/m)              M_FC(A/m)
0.200000000000000E-08 0.698000000000000E+01  0.520292104852544E+04  0.294910467084689E+06
0.400000000000002E-08 0.996000000000003E+01  0.550813373565896E+04  0.295106031931185E+06
0.599999999999997E-08 0.129400000000000E+02  0.572506824640680E+04  0.294933489414979E+06
0.799999999999992E-08 0.159199999999999E+02  0.538156416184945E+04  0.294350977006571E+06
0.999999999999988E-08 0.188999999999998E+02  0.551836991180683E+04  0.294104065476866E+06
0.119999999999998E-07 0.218799999999997E+02  0.631068648325979E+04  0.294648319057700E+06
0.139999999999998E-07 0.248599999999997E+02  0.641599640578876E+04  0.293590474061118E+06
0.159999999999999E-07 0.278399999999999E+02  0.665839283919726E+04  0.292202770794726E+06
0.180000000000002E-07 0.308200000000003E+02  0.498284134201599E+04  0.293916516361658E+06
0.200000000000005E-07 0.338000000000007E+02  0.552468559320239E+04  0.292318474751156E+06
0.220000000000008E-07 0.367800000000011E+02  0.572745432762916E+04  0.293942911318107E+06
0.240000000000010E-07 0.397600000000016E+02  0.704211520585832E+04  0.292168087682251E+06
0.260000000000013E-07 0.427400000000020E+02  0.657566248569138E+04  0.290636728331559E+06
0.280000000000016E-07 0.457200000000024E+02  0.526627515570015E+04  0.292201017720401E+06
0.300000000000018E-07 0.487000000000027E+02  0.447980147837681E+04  0.292430728772337E+06
0.320000000000014E-07 0.516800000000022E+02  0.698647649514862E+04  0.291106971771362E+06
0.340000000000011E-07 0.546600000000016E+02  0.442548763235602E+04  0.291776900321802E+06
0.360000000000007E-07 0.576400000000010E+02  0.427670641256054E+04  0.288937394730731E+06
0.380000000000003E-07 0.606200000000005E+02  0.432633981518004E+04  0.292660316301693E+06
0.399999999999999E-07 0.635999999999999E+02  0.652067358199084E+04  0.288612284082872E+06
0.419999999999995E-07 0.665799999999993E+02  0.749279700971878E+04  0.290544442618695E+06
0.439999999999992E-07 0.695599999999988E+02  0.951733784385998E+04  0.290603837160875E+06
0.459999999999988E-07 0.725399999999982E+02  0.431390092102392E+04  0.289417583224768E+06
0.479999999999984E-07 0.755199999999976E+02  0.750676269543671E+04  0.286505649832449E+06
0.499999999999980E-07 0.784999999999971E+02  0.492842774952199E+04  0.286266684561808E+06
0.519999999999977E-07 0.814799999999965E+02  0.647003637005557E+04  0.284628240317199E+06
0.539999999999973E-07 0.844599999999959E+02  0.362387961883160E+04  0.292209721625609E+06
0.559999999999969E-07 0.874399999999954E+02  0.664859903285918E+04  0.287489824069968E+06
0.579999999999965E-07 0.904199999999948E+02  0.610542153387286E+04  0.290125586413007E+06
0.599999999999961E-07 0.933999999999943E+02  0.575501354155234E+04  0.287443000673714E+06
0.619999999999958E-07 0.963799999999937E+02  0.569109926031034E+04  0.288375927785694E+06
0.639999999999954E-07 0.993599999999931E+02  0.343662358789016E+04  0.286393669053429E+06
0.659999999999950E-07 0.102339999999993E+03  0.600025402735860E+04  0.283758285711261E+06
0.679999999999946E-07 0.105319999999992E+03  0.648353845233753E+04  0.285108307923328E+06
0.699999999999942E-07 0.108299999999991E+03  0.728598294285999E+04  0.286196815601536E+06
0.719999999999939E-07 0.111279999999991E+03  0.605927947525537E+04  0.286241900075411E+06
0.739999999999935E-07 0.114259999999990E+03  0.701141746350881E+04  0.284997937791167E+06
0.759999999999931E-07 0.117239999999990E+03  0.685530940186055E+04  0.286712367895374E+06
0.779999999999927E-07 0.120219999999989E+03  0.462201982948589E+04  0.284262133627822E+06
0.799999999999924E-07 0.123199999999989E+03  0.583164122044188E+04  0.286904541019899E+06
0.819999999999920E-07 0.126179999999988E+03  0.498919285996866E+04  0.283731427620781E+06
0.839999999999916E-07 0.129159999999987E+03  0.896831451229760E+04  0.285080828629551E+06
0.859999999999912E-07 0.132139999999987E+03  0.576260867989353E+04  0.283517156621888E+06
0.879999999999908E-07 0.135119999999986E+03  0.780846599069194E+04  0.279684457825392E+06
0.899999999999905E-07 0.138099999999986E+03  0.737526283859125E+04  0.286127935659774E+06
0.919999999999901E-07 0.141079999999985E+03  0.718471996878162E+04  0.287519188320371E+06
0.939999999999897E-07 0.144059999999985E+03  0.903208802309293E+04  0.282690471136161E+06
0.959999999999893E-07 0.147039999999984E+03  0.493122956128312E+04  0.283390278362297E+06
0.979999999999889E-07 0.150019999999984E+03  0.761341375422918E+04  0.285605228868186E+06
0.999999999999886E-07 0.152999999999983E+03  0.104926907164459E+05  0.285481050418827E+06
0.101999999999988E-06 0.155979999999982E+03  0.813516158773404E+04  0.281029883709560E+06
0.103999999999988E-06 0.158959999999982E+03  0.729010172600226E+04  0.280650824723762E+06
0.105999999999987E-06 0.161939999999981E+03  0.828785936250490E+04  0.279542505724371E+06
0.107999999999987E-06 0.164919999999981E+03  0.548629769540086E+04  0.280835987197863E+06
0.109999999999987E-06 0.167899999999980E+03  0.540018953750236E+04  0.279708469613738E+06
0.111999999999986E-06 0.170879999999980E+03  0.100802332283076E+05  0.277225706195030E+06
0.113999999999986E-06 0.173859999999979E+03  0.881295001226238E+04  0.280264110039984E+06
0.115999999999986E-06 0.176839999999978E+03  0.477349977900036E+04  0.279355812507706E+06
0.117999999999985E-06 0.179819999999978E+03  0.932259997919654E+04  0.278517562945600E+06
0.119999999999986E-06 0.182799999999979E+03  0.980958690695996E+04  0.278756795457338E+06
0.121999999999988E-06 0.185779999999982E+03  0.740486506607205E+04  0.276811246880376E+06
0.123999999999990E-06 0.188759999999986E+03  0.753684536897775E+04  0.281080674749751E+06
0.125999999999993E-06 0.191739999999989E+03  0.525068722270252E+04  0.279546885145898E+06
0.127999999999995E-06 0.194719999999992E+03  0.113145577620000E+05  0.273454210923871E+06
0.129999999999997E-06 0.197699999999996E+03  0.117181014830238E+05  0.274568180355410E+06
0.131999999999999E-06 0.200679999999999E+03  0.623801996120727E+04  0.278685150758821E+06
0.134000000000002E-06 0.203660000000003E+03  0.807762061069861E+04  0.277319753849778E+06
0.136000000000004E-06 0.206640000000006E+03  0.136524914746495E+05  0.273781993903515E+06
0.138000000000006E-06 0.209620000000009E+03  0.137712138437317E+05  0.267673389352040E+06
0.140000000000009E-06 0.212600000000013E+03  0.150034140794740E+05  0.273946247866982E+06
0.142000000000011E-06 0.215580000000016E+03  0.152665240265518E+05  0.271524892222275E+06
0.144000000000013E-06 0.218560000000019E+03  0.139564512653319E+05  0.269377388486432E+06
0.146000000000015E-06 0.221540000000023E+03  0.184615425211289E+05  0.267244703859896E+06
0.148000000000018E-06 0.224520000000026E+03  0.155743688312616E+05  0.267751612418176E+06
0.150000000000020E-06 0.227500000000030E+03  0.162076531987231E+05  0.268745453175607E+06
0.152000000000022E-06 0.230480000000033E+03  0.199651013907751E+05  0.262315386826933E+06
0.154000000000024E-06 0.233460000000036E+03  0.130835337055223E+05  0.263569918502047E+06
0.156000000000027E-06 0.236440000000040E+03  0.233039324212349E+05  0.262153380586269E+06
0.158000000000029E-06 0.239420000000043E+03  0.117075766343412E+05  0.255715909758864E+06
0.160000000000031E-06 0.242400000000046E+03  0.149642175306078E+05  0.250900724138100E+06
0.162000000000033E-06 0.245380000000050E+03  0.164909795369613E+05  0.259014512343890E+06
0.164000000000036E-06 0.248360000000053E+03  0.196228004641413E+05  0.255968621710133E+06
0.166000000000038E-06 0.251340000000057E+03  0.243768967744686E+05  0.252747131897796E+06
0.168000000000040E-06 0.254320000000060E+03  0.219444271149117E+05  0.250365555164006E+06
0.170000000000043E-06 0.257300000000063E+03  0.224875178896038E+05  0.248460883900947E+06
0.172000000000045E-06 0.260280000000067E+03  0.225894593853006E+05  0.244903369472220E+06
0.174000000000047E-06 0.263260000000070E+03  0.247419729675303E+05  0.241478112879771E+06
0.176000000000049E-06 0.266240000000074E+03  0.225378634118686E+05  0.232857250740521E+06
0.178000000000052E-06 0.269220000000077E+03  0.266117122422708E+05  0.233009140347241E+06
0.180000000000054E-06 0.272200000000080E+03  0.284952892435534E+05  0.228238324733721E+06
0.182000000000056E-06 0.275180000000084E+03  0.268209604367072E+05  0.231434004455825E+06
0.184000000000058E-06 0.278160000000087E+03  0.247990091913415E+05  0.231438648120141E+06
0.186000000000061E-06 0.281140000000090E+03  0.262234766944293E+05  0.217204585298583E+06
0.188000000000063E-06 0.284120000000094E+03  0.246231110885669E+05  0.215282496743880E+06
0.190000000000065E-06 0.287100000000097E+03  0.290893055961755E+05  0.208708729096366E+06
0.192000000000067E-06 0.290080000000101E+03  0.271360711630221E+05  0.200832656872162E+06
0.194000000000070E-06 0.293060000000104E+03  0.347024063586378E+05  0.200401462663171E+06
0.196000000000072E-06 0.296040000000107E+03  0.355495798659356E+05  0.193312910505229E+06
0.198000000000074E-06 0.299020000000111E+03  0.388173137591583E+05  0.193120173585299E+06
0.200000000000077E-06 0.302000000000114E+03  0.355485627100060E+05  0.173798692070136E+06
0.202000000000079E-06 0.304980000000117E+03  0.349608317902768E+05  0.182015208601553E+06
0.204000000000081E-06 0.307960000000121E+03  0.263594600813562E+05  0.170643454757966E+06
0.206000000000083E-06 0.310940000000124E+03  0.312246536324169E+05  0.159358849092950E+06
0.208000000000086E-06 0.313920000000128E+03  0.355088151650314E+05  0.156908125055435E+06
0.210000000000088E-06 0.316900000000131E+03  0.394739104634600E+05  0.156485683382331E+06
0.212000000000090E-06 0.319880000000134E+03  0.436515728839452E+05  0.152899412685941E+06
0.214000000000092E-06 0.322860000000138E+03  0.527458850771845E+05  0.147153292938547E+06
0.216000000000095E-06 0.325840000000141E+03  0.517511178954201E+05  0.143161650804652E+06
0.218000000000097E-06 0.328820000000144E+03  0.449984241586231E+05  0.136282649421308E+06
0.220000000000099E-06 0.331800000000148E+03  0.499802802852522E+05  0.134707942591441E+06
0.222000000000101E-06 0.334780000000151E+03  0.580751412979989E+05  0.129204440922221E+06
0.224000000000104E-06 0.337760000000155E+03  0.570992143992358E+05  0.127594512751433E+06
0.226000000000106E-06 0.340740000000158E+03  0.507765851307080E+05  0.126347269717727E+06
0.228000000000108E-06 0.343720000000161E+03  0.512716056863582E+05  0.128357969626073E+06
0.230000000000111E-06 0.346700000000165E+03  0.480151598839102E+05  0.130339184088419E+06
0.232000000000113E-06 0.349680000000168E+03  0.482485553178880E+05  0.126921956949787E+06
0.234000000000115E-06 0.352660000000171E+03  0.504444121986935E+05  0.120103513554047E+06
0.236000000000117E-06 0.355640000000175E+03  0.503480899003661E+05  0.112502504194478E+06
0.238000000000120E-06 0.358620000000178E+03  0.590501180971774E+05  0.109519424196819E+06
0.240000000000122E-06 0.361600000000182E+03  0.560402353633229E+05  0.109710418383744E+06
0.242000000000124E-06 0.364580000000185E+03  0.542897694007837E+05  0.101567461137646E+06
0.244000000000126E-06 0.367560000000188E+03  0.497626944561427E+05  0.973651114505613E+05
0.246000000000129E-06 0.370540000000192E+03  0.421734723024855E+05  0.901491919982770E+05
0.248000000000131E-06 0.373520000000195E+03  0.510237852574804E+05  0.893733254659255E+05
0.250000000000133E-06 0.376500000000198E+03  0.510378069082083E+05  0.832802874641015E+05
0.252000000000136E-06 0.379480000000202E+03  0.582711796320479E+05  0.908178472716437E+05
0.254000000000138E-06 0.382460000000205E+03  0.590008852648965E+05  0.918061857093368E+05
0.256000000000140E-06 0.385440000000209E+03  0.496850647329474E+05  0.857914768968685E+05
0.258000000000142E-06 0.388420000000212E+03  0.465895438515466E+05  0.748348692941824E+05
0.260000000000145E-06 0.391400000000215E+03  0.465405924818080E+05  0.695743744862861E+05
0.262000000000147E-06 0.394380000000219E+03  0.522908898422773E+05  0.752952633826298E+05
0.264000000000149E-06 0.397360000000222E+03  0.546680100474588E+05  0.703361297925022E+05
0.266000000000151E-06 0.400340000000226E+03  0.656154497431009E+05  0.760583341279215E+05
0.268000000000154E-06 0.403320000000229E+03  0.674062569176103E+05  0.702525793456023E+05
0.270000000000156E-06 0.406300000000232E+03  0.604017240815647E+05  0.709798621858929E+05
0.272000000000158E-06 0.409280000000236E+03  0.589661602864639E+05  0.628720232954409E+05
0.274000000000160E-06 0.412260000000239E+03  0.554373924925112E+05  0.747749647392316E+05
0.276000000000163E-06 0.415240000000243E+03  0.591123982597485E+05  0.673718320736471E+05
0.278000000000165E-06 0.418220000000246E+03  0.434987621202381E+05  0.529342848854766E+05
0.280000000000167E-06 0.421200000000249E+03  0.462404168272083E+05  0.514184868802246E+05
0.282000000000170E-06 0.424180000000253E+03  0.562830599447627E+05  0.542293375832093E+05
0.284000000000172E-06 0.427160000000256E+03  0.702624606016899E+05  0.582142364430976E+05
0.286000000000174E-06 0.430140000000259E+03  0.635434229644077E+05  0.547577950652377E+05
0.288000000000176E-06 0.433120000000263E+03  0.665728189244596E+05  0.520656234308344E+05
0.290000000000179E-06 0.436100000000266E+03  0.571041296937237E+05  0.566293107453141E+05
0.292000000000181E-06 0.439080000000269E+03  0.548841184923423E+05  0.630179772221842E+05
0.294000000000183E-06 0.442060000000273E+03  0.580001506563718E+05  0.550045158675431E+05
0.296000000000185E-06 0.445040000000276E+03  0.532260225482569E+05  0.531962100153648E+05
0.298000000000188E-06 0.448020000000280E+03  0.511972711069809E+05  0.710303831022482E+05
0.300000000000190E-06 0.451000000000283E+03  0.562723546655853E+05  0.629245905687524E+05
0.302000000000192E-06 0.453980000000286E+03  0.466651611844608E+05  0.544471184711330E+05
0.304000000000194E-06 0.456960000000290E+03  0.474179126071488E+05  0.500075864366599E+05
0.306000000000197E-06 0.459940000000293E+03  0.566002764295974E+05  0.518503158447201E+05
0.308000000000199E-06 0.462920000000297E+03  0.494960563833665E+05  0.553673095223021E+05
0.310000000000201E-06 0.465900000000300E+03  0.544434946436942E+05  0.552514886287693E+05
0.312000000000204E-06 0.468880000000303E+03  0.447581375873106E+05  0.501056708021992E+05
0.314000000000206E-06 0.471860000000307E+03  0.471917297295630E+05  0.487369156191404E+05
0.316000000000208E-06 0.474840000000310E+03  0.447308210190437E+05  0.440710216401702E+05
0.318000000000210E-06 0.477820000000313E+03  0.437670689566806E+05  0.478994295035612E+05
0.320000000000213E-06 0.480800000000317E+03  0.416113340638290E+05  0.557633920876191E+05
0.322000000000215E-06 0.483780000000320E+03  0.424365573560833E+05  0.536486109998552E+05
0.324000000000217E-06 0.486760000000324E+03  0.462906341996153E+05  0.564469008799425E+05
0.326000000000219E-06 0.489740000000327E+03  0.427938070661199E+05  0.434757240905963E+05
0.328000000000222E-06 0.492720000000330E+03  0.433208155408432E+05  0.418053374873238E+05
0.330000000000224E-06 0.495700000000334E+03  0.582555538065892E+05  0.554895942782439E+05
0.332000000000226E-06 0.498680000000337E+03  0.524688750904946E+05  0.385962923187235E+05
0.334000000000228E-06 0.501660000000340E+03  0.533890316814649E+05  0.479196690388401E+05
0.336000000000231E-06 0.504640000000344E+03  0.528769616934164E+05  0.483885380847630E+05
0.338000000000233E-06 0.507620000000347E+03  0.479408551527602E+05  0.383670028877086E+05
0.340000000000235E-06 0.510600000000351E+03  0.403318391234712E+05  0.444120985098701E+05
0.342000000000238E-06 0.513580000000354E+03  0.470806660586771E+05  0.442664209363607E+05
0.344000000000240E-06 0.516560000000357E+03  0.424414822366691E+05  0.446810984363350E+05
0.346000000000242E-06 0.519540000000361E+03  0.418700098135453E+05  0.241403875232599E+05
0.348000000000244E-06 0.522520000000364E+03  0.396470467347231E+05  0.389728306757539E+05
0.350000000000247E-06 0.525500000000368E+03  0.449677115286418E+05  0.459598793835122E+05
0.352000000000249E-06 0.528480000000371E+03  0.439331705615302E+05  0.491347431735064E+05
0.354000000000251E-06 0.531460000000374E+03  0.407282228526675E+05  0.577533225899832E+05
0.356000000000253E-06 0.534440000000378E+03  0.515482902732169E+05  0.580057859342659E+05
0.358000000000256E-06 0.537420000000381E+03  0.487761559959468E+05  0.600537551829815E+05
0.360000000000258E-06 0.540400000000384E+03  0.450672133376746E+05  0.452560643626665E+05
0.362000000000260E-06 0.543380000000388E+03  0.453871930326796E+05  0.509583729433710E+05
0.364000000000263E-06 0.546360000000391E+03  0.449543881245970E+05  0.582712548218510E+05
0.366000000000265E-06 0.549340000000395E+03  0.460922994915695E+05  0.385989662580772E+05
0.368000000000267E-06 0.552320000000398E+03  0.490993450737141E+05  0.323635815582032E+05
0.370000000000269E-06 0.555300000000401E+03  0.399215463371771E+05  0.146773245872017E+05
0.372000000000272E-06 0.558280000000405E+03  0.522073441496248E+05  0.188216765569336E+05
0.374000000000274E-06 0.561260000000408E+03  0.449653704178545E+05  0.153664587432349E+05
0.376000000000276E-06 0.564240000000411E+03  0.468730640840567E+05  0.225781462135156E+05
0.378000000000278E-06 0.567220000000415E+03  0.492031469172001E+05  0.266702916520822E+05
0.380000000000281E-06 0.570200000000418E+03  0.433352382124593E+05  0.329165368881796E+05
0.382000000000283E-06 0.573180000000422E+03  0.500460262220649E+05  0.378144924939531E+05
0.384000000000285E-06 0.576160000000425E+03  0.430137481004898E+05  0.341707091005012E+05
0.386000000000287E-06 0.579140000000428E+03  0.436076614655448E+05  0.489724234425804E+05
0.388000000000290E-06 0.582120000000432E+03  0.394450607839684E+05  0.380518291854249E+05
0.390000000000292E-06 0.585100000000435E+03  0.418183395929392E+05  0.302214469345869E+05
0.392000000000294E-06 0.588080000000439E+03  0.360181705804850E+05  0.268274272272158E+05
0.394000000000297E-06 0.591060000000442E+03  0.376114661593944E+05  0.204698346734831E+05
0.396000000000299E-06 0.594040000000445E+03  0.334839853176126E+05  0.198816960485725E+05
0.398000000000301E-06 0.597020000000449E+03  0.312350650123269E+05  0.261136770629513E+05
0.400000000000303E-06 0.600000000000452E+03  0.326414842382159E+05  0.280054023378976E+05
