#                t(s)                  T(K)             M_ZFC(A/m)              M_FC(A/m)
0.200000000000000E-08 0.698000000000000E+01  0.100152769332045E+05  0.296149455282727E+06
0.400000000000002E-08 0.996000000000003E+01  0.961761328890353E+04  0.294307093027149E+06
0.599999999999997E-08 0.129400000000000E+02  0.999055081486107E+04  0.294409754116010E+06
0.799999999999992E-08 0.159199999999999E+02  0.967170847225836E+04  0.295126053085232E+06
0.999999999999988E-08 0.188999999999998E+02  0.997048321246276E+04  0.293779230442542E+06
0.119999999999998E-07 0.218799999999997E+02  0.969934149249383E+04  0.294219714454514E+06
0.139999999999998E-07 0.248599999999997E+02  0.111230971844956E+05  0.293981162753570E+06
0.159999999999999E-07 0.278399999999999E+02  0.104310093297065E+05  0.294104681224100E+06
0.180000000000002E-07 0.308200000000003E+02  0.103201351432386E+05  0.293676390190394E+06
0.200000000000005E-07 0.338000000000007E+02  0.813288685880763E+04  0.292863288376589E+06
0.220000000000008E-07 0.367800000000011E+02  0.875431295504514E+04  0.293519059230389E+06
0.240000000000010E-07 0.397600000000016E+02  0.786514804225868E+04  0.291282026402927E+06
0.260000000000013E-07 0.427400000000020E+02  0.864601604734691E+04  0.291273892646066E+06
0.280000000000016E-07 0.457200000000024E+02  0.976831440594443E+04  0.293361418964021E+06
0.300000000000018E-07 0.487000000000027E+02  0.870692763498238E+04  0.291899969479159E+06
0.320000000000014E-07 0.516800000000022E+02  0.121971035501973E+05  0.290762270303902E+06
0.340000000000011E-07 0.546600000000016E+02  0.109167428379808E+05  0.292094451894833E+06
0.360000000000007E-07 0.576400000000010E+02  0.986185713003373E+04  0.294370133693036E+06
0.380000000000003E-07 0.606200000000005E+02  0.105033157125574E+05  0.292243774867287E+06
0.399999999999999E-07 0.635999999999999E+02  0.101980179561591E+05  0.289268398662983E+06
0.419999999999995E-07 0.665799999999993E+02  0.125143704545557E+05  0.288616652756023E+06
0.439999999999992E-07 0.695599999999988E+02  0.111377325527338E+05  0.290872328675376E+06
0.459999999999988E-07 0.725399999999982E+02  0.963013566235017E+04  0.289783472305197E+06
0.479999999999984E-07 0.755199999999976E+02  0.120852998258531E+05  0.291413072360692E+06
0.499999999999980E-07 0.784999999999971E+02  0.744883790234596E+04  0.290139492802449E+06
0.519999999999977E-07 0.814799999999965E+02  0.104914316575585E+05  0.289502450553843E+06
0.539999999999973E-07 0.844599999999959E+02  0.935796153719960E+04  0.290172986580992E+06
0.559999999999969E-07 0.874399999999954E+02  0.107171471691542E+05  0.287339388274429E+06
0.579999999999965E-07 0.904199999999948E+02  0.101846094252482E+05  0.287117059905585E+06
0.599999999999961E-07 0.933999999999943E+02  0.906409146215072E+04  0.285556015028641E+06
0.619999999999958E-07 0.963799999999937E+02  0.103718072458506E+05  0.288331235950650E+06
0.639999999999954E-07 0.993599999999931E+02  0.815179182625803E+04  0.290682233591677E+06
0.659999999999950E-07 0.102339999999993E+03  0.109321835485922E+05  0.290308473237542E+06
0.679999999999946E-07 0.105319999999992E+03  0.112963198661735E+05  0.285995715968869E+06
0.699999999999942E-07 0.108299999999991E+03  0.112657660477391E+05  0.287403673705539E+06
0.719999999999939E-07 0.111279999999991E+03  0.102227456581612E+05  0.283093932640329E+06
0.739999999999935E-07 0.114259999999990E+03  0.126737963262401E+05  0.286541281260888E+06
0.759999999999931E-07 0.117239999999990E+03  0.976632034712681E+04  0.286097500242484E+06
0.779999999999927E-07 0.120219999999989E+03  0.651100122731272E+04  0.284875283742539E+06
0.799999999999924E-07 0.123199999999989E+03  0.132811181681805E+05  0.287494924179014E+06
0.819999999999920E-07 0.126179999999988E+03  0.922755781119279E+04  0.284684500431879E+06
0.839999999999916E-07 0.129159999999987E+03  0.731920748903309E+04  0.284266932366749E+06
0.859999999999912E-07 0.132139999999987E+03  0.101982906311341E+05  0.282093537175311E+06
0.879999999999908E-07 0.135119999999986E+03  0.109569009499937E+05  0.284754068450080E+06
0.899999999999905E-07 0.138099999999986E+03  0.785568383976368E+04  0.284335099652235E+06
0.919999999999901E-07 0.141079999999985E+03  0.119728662777318E+05  0.282636451684229E+06
0.939999999999897E-07 0.144059999999985E+03  0.909065057998812E+04  0.283860654149844E+06
0.959999999999893E-07 0.147039999999984E+03  0.120456768126814E+05  0.285501165874961E+06
0.979999999999889E-07 0.150019999999984E+03  0.102876298740486E+05  0.284669741410388E+06
0.999999999999886E-07 0.152999999999983E+03  0.901762956377470E+04  0.283619934179890E+06
0.101999999999988E-06 0.155979999999982E+03  0.923341242756887E+04  0.282009933227503E+06
0.103999999999988E-06 0.158959999999982E+03  0.726727874796774E+04  0.279415846952096E+06
0.105999999999987E-06 0.161939999999981E+03  0.801862731972143E+04  0.280788300893636E+06
0.107999999999987E-06 0.164919999999981E+03  0.124102327414189E+05  0.284009435049923E+06
0.109999999999987E-06 0.167899999999980E+03  0.658434207016006E+04  0.280993216461879E+06
0.111999999999986E-06 0.170879999999980E+03  0.747522697071048E+04  0.282472436557294E+06
0.113999999999986E-06 0.173859999999979E+03  0.131291392787418E+05  0.280287016291837E+06
0.115999999999986E-06 0.176839999999978E+03  0.166215678916302E+05  0.278311754627255E+06
0.117999999999985E-06 0.179819999999978E+03  0.949826576006522E+04  0.278210621783878E+06
0.119999999999986E-06 0.182799999999979E+03  0.125099901007186E+05  0.277761009109197E+06
0.121999999999988E-06 0.185779999999982E+03  0.122415356744397E+05  0.276030849574040E+06
0.123999999999990E-06 0.188759999999986E+03  0.130444262265730E+05  0.275927237316788E+06
0.125999999999993E-06 0.191739999999989E+03  0.114725794598556E+05  0.274396930993718E+06
0.127999999999995E-06 0.194719999999992E+03  0.132875893881869E+05  0.275575991500381E+06
0.129999999999997E-06 0.197699999999996E+03  0.102073608644086E+05  0.271126529499464E+06
0.131999999999999E-06 0.200679999999999E+03  0.135123625896802E+05  0.272965528731554E+06
0.134000000000002E-06 0.203660000000003E+03  0.161950960543393E+05  0.271867963413461E+06
0.136000000000004E-06 0.206640000000006E+03  0.153946267896496E+05  0.267874046113791E+06
0.138000000000006E-06 0.209620000000009E+03  0.174732937796159E+05  0.266226471618880E+06
0.140000000000009E-06 0.212600000000013E+03  0.133022031906365E+05  0.265758293323420E+06
0.142000000000011E-06 0.215580000000016E+03  0.143047214682886E+05  0.265940874723628E+06
0.144000000000013E-06 0.218560000000019E+03  0.125617834142418E+05  0.261431184442777E+06
0.146000000000015E-06 0.221540000000023E+03  0.196374009184847E+05  0.265790101221344E+06
0.148000000000018E-06 0.224520000000026E+03  0.204854548474474E+05  0.260761624389362E+06
0.150000000000020E-06 0.227500000000030E+03  0.191104046826377E+05  0.255122064980066E+06
0.152000000000022E-06 0.230480000000033E+03  0.181096339598895E+05  0.259076736215869E+06
0.154000000000024E-06 0.233460000000036E+03  0.218515100850478E+05  0.261643312261546E+06
0.156000000000027E-06 0.236440000000040E+03  0.180419697950943E+05  0.254448335351630E+06
0.158000000000029E-06 0.239420000000043E+03  0.223055797716657E+05  0.253003255838011E+06
0.160000000000031E-06 0.242400000000046E+03  0.176979662487555E+05  0.249347347168895E+06
0.162000000000033E-06 0.245380000000050E+03  0.185951347970757E+05  0.253148497149493E+06
0.164000000000036E-06 0.248360000000053E+03  0.189955289443802E+05  0.247311863683999E+06
0.166000000000038E-06 0.251340000000057E+03  0.203826952795607E+05  0.243933743307567E+06
0.168000000000040E-06 0.254320000000060E+03  0.190860139669902E+05  0.239537300797664E+06
0.170000000000043E-06 0.257300000000063E+03  0.272680553849800E+05  0.240051916843370E+06
0.172000000000045E-06 0.260280000000067E+03  0.258044171593639E+05  0.235283692992488E+06
0.174000000000047E-06 0.263260000000070E+03  0.251977740752009E+05  0.227426873364823E+06
0.176000000000049E-06 0.266240000000074E+03  0.262765710884553E+05  0.230325259259522E+06
0.178000000000052E-06 0.269220000000077E+03  0.202770058814930E+05  0.218448240769178E+06
0.180000000000054E-06 0.272200000000080E+03  0.217355479071805E+05  0.219957748753271E+06
0.182000000000056E-06 0.275180000000084E+03  0.270590891453399E+05  0.208307585118650E+06
0.184000000000058E-06 0.278160000000087E+03  0.234160147412656E+05  0.208136904163712E+06
0.186000000000061E-06 0.281140000000090E+03  0.260680044417457E+05  0.210230004506793E+06
0.188000000000063E-06 0.284120000000094E+03  0.305990168589906E+05  0.209814458722181E+06
0.190000000000065E-06 0.287100000000097E+03  0.325624501551349E+05  0.198611066160683E+06
0.192000000000067E-06 0.290080000000101E+03  0.345920098052677E+05  0.198843480724548E+06
0.194000000000070E-06 0.293060000000104E+03  0.378015617128215E+05  0.193394162005955E+06
0.196000000000072E-06 0.296040000000107E+03  0.326547107183101E+05  0.191806054910330E+06
0.198000000000074E-06 0.299020000000111E+03  0.302931297778420E+05  0.185630970190367E+06
0.200000000000077E-06 0.302000000000114E+03  0.364343654124053E+05  0.185289058038733E+06
0.202000000000079E-06 0.304980000000117E+03  0.394339584751100E+05  0.176019468682573E+06
0.204000000000081E-06 0.307960000000121E+03  0.517208854322232E+05  0.177763454901120E+06
0.206000000000083E-06 0.310940000000124E+03  0.456133081286966E+05  0.172070647627488E+06
0.208000000000086E-06 0.313920000000128E+03  0.505574474258636E+05  0.164834582683257E+06
0.210000000000088E-06 0.316900000000131E+03  0.503722192312058E+05  0.161548749043035E+06
0.212000000000090E-06 0.319880000000134E+03  0.549142468753965E+05  0.161996791672418E+06
0.214000000000092E-06 0.322860000000138E+03  0.540635000826135E+05  0.150940608617585E+06
0.216000000000095E-06 0.325840000000141E+03  0.627043858477408E+05  0.148281384585659E+06
0.218000000000097E-06 0.328820000000144E+03  0.606973820848714E+05  0.144231361380463E+06
0.220000000000099E-06 0.331800000000148E+03  0.638607456623188E+05  0.131723753127599E+06
0.222000000000101E-06 0.334780000000151E+03  0.596273210126896E+05  0.122442385471989E+06
0.224000000000104E-06 0.337760000000155E+03  0.575556256689950E+05  0.119968299647562E+06
0.226000000000106E-06 0.340740000000158E+03  0.625738413209951E+05  0.113441266579663E+06
0.228000000000108E-06 0.343720000000161E+03  0.592015058113285E+05  0.113885487864339E+06
0.230000000000111E-06 0.346700000000165E+03  0.626252093645547E+05  0.115069149747970E+06
0.232000000000113E-06 0.349680000000168E+03  0.617888016459806E+05  0.110962396466769E+06
0.234000000000115E-06 0.352660000000171E+03  0.595057022699778E+05  0.105350599131222E+06
0.236000000000117E-06 0.355640000000175E+03  0.649154860355628E+05  0.933154220038343E+05
0.238000000000120E-06 0.358620000000178E+03  0.590849532226090E+05  0.948115184464101E+05
0.240000000000122E-06 0.361600000000182E+03  0.576203963324696E+05  0.956865494378073E+05
0.242000000000124E-06 0.364580000000185E+03  0.512740304223207E+05  0.890521697651011E+05
0.244000000000126E-06 0.367560000000188E+03  0.530193051362713E+05  0.883199944960012E+05
0.246000000000129E-06 0.370540000000192E+03  0.471303683995781E+05  0.842039370196844E+05
0.248000000000131E-06 0.373520000000195E+03  0.457291178134382E+05  0.807629400815547E+05
0.250000000000133E-06 0.376500000000198E+03  0.484697485725906E+05  0.826232269472482E+05
0.252000000000136E-06 0.379480000000202E+03  0.533990258153594E+05  0.798441374660114E+05
0.254000000000138E-06 0.382460000000205E+03  0.540045303193238E+05  0.788045695532086E+05
0.256000000000140E-06 0.385440000000209E+03  0.542982241043303E+05  0.789793944841201E+05
0.258000000000142E-06 0.388420000000212E+03  0.504122686330388E+05  0.706299683730661E+05
0.260000000000145E-06 0.391400000000215E+03  0.517736742152320E+05  0.601914596706889E+05
0.262000000000147E-06 0.394380000000219E+03  0.477765667091842E+05  0.559358782072554E+05
0.264000000000149E-06 0.397360000000222E+03  0.491342688765345E+05  0.610424976596080E+05
0.266000000000151E-06 0.400340000000226E+03  0.393975794468840E+05  0.609895037341184E+05
0.268000000000154E-06 0.403320000000229E+03  0.510371044583846E+05  0.595306891645362E+05
0.270000000000156E-06 0.406300000000232E+03  0.460841133461028E+05  0.681917474193315E+05
0.272000000000158E-06 0.409280000000236E+03  0.394036471576869E+05  0.643925816424322E+05
0.274000000000160E-06 0.412260000000239E+03  0.478006134896327E+05  0.730525771045339E+05
0.276000000000163E-06 0.415240000000243E+03  0.507664243452786E+05  0.620687568173405E+05
0.278000000000165E-06 0.418220000000246E+03  0.522066915850545E+05  0.542251641521346E+05
0.280000000000167E-06 0.421200000000249E+03  0.497523168529729E+05  0.543417003538054E+05
0.282000000000170E-06 0.424180000000253E+03  0.499711694985297E+05  0.521636588471302E+05
0.284000000000172E-06 0.427160000000256E+03  0.450296684930794E+05  0.574802931223896E+05
0.286000000000174E-06 0.430140000000259E+03  0.530933348863503E+05  0.595534270085137E+05
0.288000000000176E-06 0.433120000000263E+03  0.390309942570666E+05  0.580689245859487E+05
0.290000000000179E-06 0.436100000000266E+03  0.504446924262245E+05  0.723827013372751E+05
0.292000000000181E-06 0.439080000000269E+03  0.563385131788444E+05  0.588897581159916E+05
0.294000000000183E-06 0.442060000000273E+03  0.563243202877183E+05  0.588225618936339E+05
0.296000000000185E-06 0.445040000000276E+03  0.531031877738054E+05  0.511953110776479E+05
0.298000000000188E-06 0.448020000000280E+03  0.590292888713831E+05  0.392168104271701E+05
0.300000000000190E-06 0.451000000000283E+03  0.549435225732669E+05  0.502923293497376E+05
0.302000000000192E-06 0.453980000000286E+03  0.587466415050384E+05  0.571472863614557E+05
0.304000000000194E-06 0.456960000000290E+03  0.595357055995833E+05  0.589970245873416E+05
0.306000000000197E-06 0.459940000000293E+03  0.587941353560966E+05  0.600567543164784E+05
0.308000000000199E-06 0.462920000000297E+03  0.616776936821828E+05  0.633419431533662E+05
0.310000000000201E-06 0.465900000000300E+03  0.641450257548662E+05  0.671482336841253E+05
0.312000000000204E-06 0.468880000000303E+03  0.643232599662695E+05  0.702633875457890E+05
0.314000000000206E-06 0.471860000000307E+03  0.626469484394033E+05  0.647951024358700E+05
0.316000000000208E-06 0.474840000000310E+03  0.587459493529091E+05  0.597385389770687E+05
0.318000000000210E-06 0.477820000000313E+03  0.530895587419412E+05  0.513599287102976E+05
0.320000000000213E-06 0.480800000000317E+03  0.539870684535835E+05  0.518895162423214E+05
0.322000000000215E-06 0.483780000000320E+03  0.671468175974210E+05  0.559949322405869E+05
0.324000000000217E-06 0.486760000000324E+03  0.499076418874769E+05  0.499645622546212E+05
0.326000000000219E-06 0.489740000000327E+03  0.515644005735841E+05  0.450003577974516E+05
0.328000000000222E-06 0.492720000000330E+03  0.529520822249901E+05  0.439011627592614E+05
0.330000000000224E-06 0.495700000000334E+03  0.423257976846164E+05  0.498305604156961E+05
0.332000000000226E-06 0.498680000000337E+03  0.372076009202552E+05  0.477783310877663E+05
0.334000000000228E-06 0.501660000000340E+03  0.530546005027666E+05  0.345628382877411E+05
0.336000000000231E-06 0.504640000000344E+03  0.538735891499841E+05  0.277925894482508E+05
0.338000000000233E-06 0.507620000000347E+03  0.614676822413544E+05  0.208727822978945E+05
0.340000000000235E-06 0.510600000000351E+03  0.587608261860948E+05  0.360015345472043E+05
0.342000000000238E-06 0.513580000000354E+03  0.541443262650069E+05  0.416272816158930E+05
0.344000000000240E-06 0.516560000000357E+03  0.539824963030782E+05  0.522489912761747E+05
0.346000000000242E-06 0.519540000000361E+03  0.353058808001144E+05  0.543895759781531E+05
0.348000000000244E-06 0.522520000000364E+03  0.430226512230386E+05  0.635504852403761E+05
0.350000000000247E-06 0.525500000000368E+03  0.422396090803881E+05  0.536700689379072E+05
0.352000000000249E-06 0.528480000000371E+03  0.382416708953319E+05  0.583691084468701E+05
0.354000000000251E-06 0.531460000000374E+03  0.275987918134132E+05  0.533741560940010E+05
0.356000000000253E-06 0.534440000000378E+03  0.408730291327557E+05  0.592176856937563E+05
0.358000000000256E-06 0.537420000000381E+03  0.455977147701038E+05  0.612868817105644E+05
0.360000000000258E-06 0.540400000000384E+03  0.417586119251897E+05  0.555098581312314E+05
0.362000000000260E-06 0.543380000000388E+03  0.401563066818240E+05  0.560318761227598E+05
0.364000000000263E-06 0.546360000000391E+03  0.339246777033435E+05  0.349212111528269E+05
0.366000000000265E-06 0.549340000000395E+03  0.376204650312078E+05  0.233942774039007E+05
0.368000000000267E-06 0.552320000000398E+03  0.368079797693323E+05  0.383884292821446E+05
0.370000000000269E-06 0.555300000000401E+03  0.484953818323503E+05  0.343257287181307E+05
0.372000000000272E-06 0.558280000000405E+03  0.385432823242764E+05  0.488954606224786E+05
0.374000000000274E-06 0.561260000000408E+03  0.334398358319802E+05  0.435025466160790E+05
0.376000000000276E-06 0.564240000000411E+03  0.326550596080008E+05  0.322657293680651E+05
0.378000000000278E-06 0.567220000000415E+03  0.396631335777887E+05  0.385366620941689E+05
0.380000000000281E-06 0.570200000000418E+03  0.294054720201567E+05  0.267907334110996E+05
0.382000000000283E-06 0.573180000000422E+03  0.439971427586749E+05  0.318738095917083E+05
0.384000000000285E-06 0.576160000000425E+03  0.346348327697924E+05  0.282232951364268E+05
0.386000000000287E-06 0.579140000000428E+03  0.466075172251862E+05  0.348851367208151E+05
0.388000000000290E-06 0.582120000000432E+03  0.356291985768384E+05  0.365602239462320E+05
0.390000000000292E-06 0.585100000000435E+03  0.267006785346366E+05  0.315315277714065E+05
0.392000000000294E-06 0.588080000000439E+03  0.427811871511048E+05  0.343040684020532E+05
0.394000000000297E-06 0.591060000000442E+03  0.409902570320569E+05  0.390882141032093E+05
0.396000000000299E-06 0.594040000000445E+03  0.335503390245814E+05  0.502984734592999E+05
0.398000000000301E-06 0.597020000000449E+03  0.160241935268840E+05  0.482151876169880E+05
0.400000000000303E-06 0.600000000000452E+03  0.213363158381771E+05  0.462349425160347E+05
