#                t(s)                  T(K)             M_ZFC(A/m)              M_FC(A/m)
0.200000000000000E-08 0.698000000000000E+01  0.102347253550177E+05  0.293706736887253E+06
0.400000000000002E-08 0.996000000000003E+01  0.100813806920056E+05  0.292934140977917E+06
0.599999999999997E-08 0.129400000000000E+02  0.996466933775629E+04  0.293457948942924E+06
0.799999999999992E-08 0.159199999999999E+02  0.103743256919254E+05  0.292522310126081E+06
0.999999999999988E-08 0.188999999999998E+02  0.100602148069075E+05  0.292956982114210E+06
0.119999999999998E-07 0.218799999999997E+02  0.944424441270255E+04  0.292426041992703E+06
0.139999999999998E-07 0.248599999999997E+02  0.103045055004861E+05  0.294207466875283E+06
0.159999999999999E-07 0.278399999999999E+02  0.117339759015534E+05  0.291847320392353E+06
0.180000000000002E-07 0.308200000000003E+02  0.114609925511962E+05  0.293930580326306E+06
0.200000000000005E-07 0.338000000000007E+02  0.107636219269680E+05  0.291333871674132E+06
0.220000000000008E-07 0.367800000000011E+02  0.995014721417877E+04  0.292191696266527E+06
0.240000000000010E-07 0.397600000000016E+02  0.120922101353357E+05  0.292463277734398E+06
0.260000000000013E-07 0.427400000000020E+02  0.979234224991167E+04  0.289886865013732E+06
0.280000000000016E-07 0.457200000000024E+02  0.112767365266931E+05  0.290904602548610E+06
0.300000000000018E-07 0.487000000000027E+02  0.128850737904134E+05  0.292879021853237E+06
0.320000000000014E-07 0.516800000000022E+02  0.120114380832480E+05  0.290704113148455E+06
0.340000000000011E-07 0.546600000000016E+02  0.104781723862512E+05  0.289729594961096E+06
0.360000000000007E-07 0.576400000000010E+02  0.108880683146399E+05  0.288903194071418E+06
0.380000000000003E-07 0.606200000000005E+02  0.104038546060549E+05  0.290580691590601E+06
0.399999999999999E-07 0.635999999999999E+02  0.918346943823592E+04  0.291272934228749E+06
0.419999999999995E-07 0.665799999999993E+02  0.882660917203915E+04  0.290345537718008E+06
0.439999999999992E-07 0.695599999999988E+02  0.103310741285366E+05  0.288140529680076E+06
0.459999999999988E-07 0.725399999999982E+02  0.994550281490471E+04  0.288840513652407E+06
0.479999999999984E-07 0.755199999999976E+02  0.119821403957362E+05  0.288396650253421E+06
0.499999999999980E-07 0.784999999999971E+02  0.101676292139331E+05  0.285843037220166E+06
0.519999999999977E-07 0.814799999999965E+02  0.109473658930899E+05  0.286499874430191E+06
0.539999999999973E-07 0.844599999999959E+02  0.825449111495319E+04  0.288153035380558E+06
0.559999999999969E-07 0.874399999999954E+02  0.111239078997665E+05  0.287580819146590E+06
0.579999999999965E-07 0.904199999999948E+02  0.120519454322533E+05  0.287077187181515E+06
0.599999999999961E-07 0.933999999999943E+02  0.120333135529496E+05  0.285441976154633E+06
0.619999999999958E-07 0.963799999999937E+02  0.978657377721458E+04  0.287113469002673E+06
0.639999999999954E-07 0.993599999999931E+02  0.127596860318436E+05  0.286442050033909E+06
0.659999999999950E-07 0.102339999999993E+03  0.829221837245923E+04  0.284416994364319E+06
0.679999999999946E-07 0.105319999999992E+03  0.101614802309539E+05  0.282842928264497E+06
0.699999999999942E-07 0.108299999999991E+03  0.135223114064626E+05  0.285198466960591E+06
0.719999999999939E-07 0.111279999999991E+03  0.108223263466974E+05  0.283897184715282E+06
0.739999999999935E-07 0.114259999999990E+03  0.855857044712719E+04  0.283476572333473E+06
0.759999999999931E-07 0.117239999999990E+03  0.115126250188225E+05  0.285773585309033E+06
0.779999999999927E-07 0.120219999999989E+03  0.123988986620984E+05  0.287054505452652E+06
0.799999999999924E-07 0.123199999999989E+03  0.980665627460010E+04  0.285419590635276E+06
0.819999999999920E-07 0.126179999999988E+03  0.134783041464838E+05  0.282504076359327E+06
0.839999999999916E-07 0.129159999999987E+03  0.839250639918921E+04  0.286004980187237E+06
0.859999999999912E-07 0.132139999999987E+03  0.136500473342891E+05  0.285659481599978E+06
0.879999999999908E-07 0.135119999999986E+03  0.124092050619235E+05  0.283547432764139E+06
0.899999999999905E-07 0.138099999999986E+03  0.108860183191860E+05  0.284570478720013E+06
0.919999999999901E-07 0.141079999999985E+03  0.124196380474519E+05  0.281850787689880E+06
0.939999999999897E-07 0.144059999999985E+03  0.113729960515339E+05  0.281672104499909E+06
0.959999999999893E-07 0.147039999999984E+03  0.120122388036195E+05  0.278592670959357E+06
0.979999999999889E-07 0.150019999999984E+03  0.110228762952381E+05  0.282112532368047E+06
0.999999999999886E-07 0.152999999999983E+03  0.107170223932841E+05  0.282545600595542E+06
0.101999999999988E-06 0.155979999999982E+03  0.106546684092123E+05  0.277365039368285E+06
0.103999999999988E-06 0.158959999999982E+03  0.884273814823995E+04  0.282153144559347E+06
0.105999999999987E-06 0.161939999999981E+03  0.895320306697779E+04  0.276513615388086E+06
0.107999999999987E-06 0.164919999999981E+03  0.147338859939717E+05  0.278151686014408E+06
0.109999999999987E-06 0.167899999999980E+03  0.130113742517085E+05  0.281005103106230E+06
0.111999999999986E-06 0.170879999999980E+03  0.927446871209061E+04  0.279138228754920E+06
0.113999999999986E-06 0.173859999999979E+03  0.114884188049974E+05  0.280694259166891E+06
0.115999999999986E-06 0.176839999999978E+03  0.108935218376531E+05  0.276572138128166E+06
0.117999999999985E-06 0.179819999999978E+03  0.135601253963001E+05  0.280444122109223E+06
0.119999999999986E-06 0.182799999999979E+03  0.104763044843248E+05  0.272758517906306E+06
0.121999999999988E-06 0.185779999999982E+03  0.137388430858403E+05  0.280157237365427E+06
0.123999999999990E-06 0.188759999999986E+03  0.122683399044294E+05  0.282775990812295E+06
0.125999999999993E-06 0.191739999999989E+03  0.179404090838429E+05  0.276342673536506E+06
0.127999999999995E-06 0.194719999999992E+03  0.104817068802044E+05  0.274983853733757E+06
0.129999999999997E-06 0.197699999999996E+03  0.152388461683044E+05  0.270456108424866E+06
0.131999999999999E-06 0.200679999999999E+03  0.100743888230612E+05  0.280546943701269E+06
0.134000000000002E-06 0.203660000000003E+03  0.119020613330056E+05  0.273027508004213E+06
0.136000000000004E-06 0.206640000000006E+03  0.147242121199969E+05  0.271705133221477E+06
0.138000000000006E-06 0.209620000000009E+03  0.164890797711862E+05  0.273904780807524E+06
0.140000000000009E-06 0.212600000000013E+03  0.166968757531510E+05  0.273480328213522E+06
0.142000000000011E-06 0.215580000000016E+03  0.140237722368602E+05  0.272058499743754E+06
0.144000000000013E-06 0.218560000000019E+03  0.144366049341819E+05  0.268249144308410E+06
0.146000000000015E-06 0.221540000000023E+03  0.139703735780899E+05  0.264846647087394E+06
0.148000000000018E-06 0.224520000000026E+03  0.133916630008585E+05  0.260397558406688E+06
0.150000000000020E-06 0.227500000000030E+03  0.132860972993281E+05  0.259316387935968E+06
0.152000000000022E-06 0.230480000000033E+03  0.152583979405871E+05  0.262775289309318E+06
0.154000000000024E-06 0.233460000000036E+03  0.155061501904867E+05  0.256089410118758E+06
0.156000000000027E-06 0.236440000000040E+03  0.162379122792557E+05  0.257696506269827E+06
0.158000000000029E-06 0.239420000000043E+03  0.182427110001200E+05  0.257615128446592E+06
0.160000000000031E-06 0.242400000000046E+03  0.733689754631697E+04  0.250230418370752E+06
0.162000000000033E-06 0.245380000000050E+03  0.141810787732754E+05  0.247665790683975E+06
0.164000000000036E-06 0.248360000000053E+03  0.149054311454777E+05  0.242769409465452E+06
0.166000000000038E-06 0.251340000000057E+03  0.159441933944806E+05  0.237102942751363E+06
0.168000000000040E-06 0.254320000000060E+03  0.134561095637772E+05  0.236337869743075E+06
0.170000000000043E-06 0.257300000000063E+03  0.134236051497048E+05  0.236355286028416E+06
0.172000000000045E-06 0.260280000000067E+03  0.174571085370542E+05  0.236245296917733E+06
0.174000000000047E-06 0.263260000000070E+03  0.151298839692483E+05  0.232445678164570E+06
0.176000000000049E-06 0.266240000000074E+03  0.153283942249598E+05  0.227981499748985E+06
0.178000000000052E-06 0.269220000000077E+03  0.201625440681838E+05  0.221649897761550E+06
0.180000000000054E-06 0.272200000000080E+03  0.246346144888970E+05  0.218426736251615E+06
0.182000000000056E-06 0.275180000000084E+03  0.285050704610105E+05  0.210727308414362E+06
0.184000000000058E-06 0.278160000000087E+03  0.246313287014505E+05  0.209838365826844E+06
0.186000000000061E-06 0.281140000000090E+03  0.221530430985478E+05  0.210059960172129E+06
0.188000000000063E-06 0.284120000000094E+03  0.298290664314461E+05  0.205193530313623E+06
0.190000000000065E-06 0.287100000000097E+03  0.295834220358751E+05  0.207819792566853E+06
0.192000000000067E-06 0.290080000000101E+03  0.316314673933073E+05  0.207194232393067E+06
0.194000000000070E-06 0.293060000000104E+03  0.366065131249712E+05  0.201781041593401E+06
0.196000000000072E-06 0.296040000000107E+03  0.388759160848887E+05  0.191955037577656E+06
0.198000000000074E-06 0.299020000000111E+03  0.404705188384339E+05  0.189409254470836E+06
0.200000000000077E-06 0.302000000000114E+03  0.403358778638708E+05  0.185939523210242E+06
0.202000000000079E-06 0.304980000000117E+03  0.386190938313213E+05  0.188817213160979E+06
0.204000000000081E-06 0.307960000000121E+03  0.493994229795490E+05  0.180567643178591E+06
0.206000000000083E-06 0.310940000000124E+03  0.462113151475506E+05  0.171760456308987E+06
0.208000000000086E-06 0.313920000000128E+03  0.459344413307629E+05  0.171903653204459E+06
0.210000000000088E-06 0.316900000000131E+03  0.497647477344471E+05  0.174892143344115E+06
0.212000000000090E-06 0.319880000000134E+03  0.478216828652390E+05  0.157894378819674E+06
0.214000000000092E-06 0.322860000000138E+03  0.520932901821309E+05  0.162466143649440E+06
0.216000000000095E-06 0.325840000000141E+03  0.540453381201779E+05  0.161015785871330E+06
0.218000000000097E-06 0.328820000000144E+03  0.531974333360345E+05  0.152053549527624E+06
0.220000000000099E-06 0.331800000000148E+03  0.449685465421053E+05  0.149110892420444E+06
0.222000000000101E-06 0.334780000000151E+03  0.520917351681863E+05  0.145384808898847E+06
0.224000000000104E-06 0.337760000000155E+03  0.493512752111040E+05  0.142953849677254E+06
0.226000000000106E-06 0.340740000000158E+03  0.461565025945820E+05  0.127371242737243E+06
0.228000000000108E-06 0.343720000000161E+03  0.540538427793952E+05  0.125585232241326E+06
0.230000000000111E-06 0.346700000000165E+03  0.631171996235168E+05  0.117244892228617E+06
0.232000000000113E-06 0.349680000000168E+03  0.540463745531240E+05  0.115719505394719E+06
0.234000000000115E-06 0.352660000000171E+03  0.656261464552251E+05  0.109158176862775E+06
0.236000000000117E-06 0.355640000000175E+03  0.704889177047094E+05  0.106371921314344E+06
0.238000000000120E-06 0.358620000000178E+03  0.703875278376160E+05  0.110131236895586E+06
0.240000000000122E-06 0.361600000000182E+03  0.701959265245545E+05  0.997091273522900E+05
0.242000000000124E-06 0.364580000000185E+03  0.620717489887777E+05  0.100168817154996E+06
0.244000000000126E-06 0.367560000000188E+03  0.724706047795546E+05  0.862533841909442E+05
0.246000000000129E-06 0.370540000000192E+03  0.631819378459564E+05  0.808065652976685E+05
0.248000000000131E-06 0.373520000000195E+03  0.728693698940431E+05  0.827347292604133E+05
0.250000000000133E-06 0.376500000000198E+03  0.754599608699677E+05  0.758994358280940E+05
0.252000000000136E-06 0.379480000000202E+03  0.759862614460681E+05  0.740617322861186E+05
0.254000000000138E-06 0.382460000000205E+03  0.857084960511683E+05  0.740472547575855E+05
0.256000000000140E-06 0.385440000000209E+03  0.656531791423954E+05  0.703882683942421E+05
0.258000000000142E-06 0.388420000000212E+03  0.703284850802538E+05  0.737948406383098E+05
0.260000000000145E-06 0.391400000000215E+03  0.681444174107185E+05  0.633740952192291E+05
0.262000000000147E-06 0.394380000000219E+03  0.561140468911731E+05  0.648963498783585E+05
0.264000000000149E-06 0.397360000000222E+03  0.542127605427413E+05  0.571538258550447E+05
0.266000000000151E-06 0.400340000000226E+03  0.493004242564232E+05  0.728344669038454E+05
0.268000000000154E-06 0.403320000000229E+03  0.566556893728850E+05  0.641107967858983E+05
0.270000000000156E-06 0.406300000000232E+03  0.434908528368104E+05  0.573020846577232E+05
0.272000000000158E-06 0.409280000000236E+03  0.497333770068827E+05  0.637787788264487E+05
0.274000000000160E-06 0.412260000000239E+03  0.499190992841095E+05  0.602093827185784E+05
0.276000000000163E-06 0.415240000000243E+03  0.433446798224235E+05  0.640521817468580E+05
0.278000000000165E-06 0.418220000000246E+03  0.502679570208532E+05  0.633553952887451E+05
0.280000000000167E-06 0.421200000000249E+03  0.387600646613751E+05  0.611879719639395E+05
0.282000000000170E-06 0.424180000000253E+03  0.514440444031955E+05  0.691898860240916E+05
0.284000000000172E-06 0.427160000000256E+03  0.504690755882292E+05  0.626366796670728E+05
0.286000000000174E-06 0.430140000000259E+03  0.559381648266684E+05  0.644041213738250E+05
0.288000000000176E-06 0.433120000000263E+03  0.535718918820876E+05  0.639310304395025E+05
0.290000000000179E-06 0.436100000000266E+03  0.538448786040393E+05  0.559372633826850E+05
0.292000000000181E-06 0.439080000000269E+03  0.458858925497079E+05  0.584096744903423E+05
0.294000000000183E-06 0.442060000000273E+03  0.381778777305523E+05  0.504077029820693E+05
0.296000000000185E-06 0.445040000000276E+03  0.427700418986971E+05  0.512511569832660E+05
0.298000000000188E-06 0.448020000000280E+03  0.479359888348401E+05  0.474883190944976E+05
0.300000000000190E-06 0.451000000000283E+03  0.517807635434903E+05  0.476577145439716E+05
0.302000000000192E-06 0.453980000000286E+03  0.529489018577170E+05  0.465769692468141E+05
0.304000000000194E-06 0.456960000000290E+03  0.334370127636627E+05  0.465148736825372E+05
0.306000000000197E-06 0.459940000000293E+03  0.440047127034431E+05  0.376566578109216E+05
0.308000000000199E-06 0.462920000000297E+03  0.422784254393523E+05  0.483250537383128E+05
0.310000000000201E-06 0.465900000000300E+03  0.499796220033140E+05  0.396199500028426E+05
0.312000000000204E-06 0.468880000000303E+03  0.416338876164123E+05  0.439361039678672E+05
0.314000000000206E-06 0.471860000000307E+03  0.465686635682823E+05  0.293857737299754E+05
0.316000000000208E-06 0.474840000000310E+03  0.464577617746559E+05  0.309807830595172E+05
0.318000000000210E-06 0.477820000000313E+03  0.487297989604229E+05  0.340714582119589E+05
0.320000000000213E-06 0.480800000000317E+03  0.449857628622747E+05  0.352843676104544E+05
0.322000000000215E-06 0.483780000000320E+03  0.439680883174282E+05  0.457666871739572E+05
0.324000000000217E-06 0.486760000000324E+03  0.345573454570870E+05  0.400759289985449E+05
0.326000000000219E-06 0.489740000000327E+03  0.377590739416648E+05  0.499665255617196E+05
0.328000000000222E-06 0.492720000000330E+03  0.372001807904417E+05  0.469843415436841E+05
0.330000000000224E-06 0.495700000000334E+03  0.398970089087009E+05  0.407675699931030E+05
0.332000000000226E-06 0.498680000000337E+03  0.402201293907798E+05  0.366809884839522E+05
0.334000000000228E-06 0.501660000000340E+03  0.350201346702644E+05  0.376726423179871E+05
0.336000000000231E-06 0.504640000000344E+03  0.294507400374858E+05  0.411102874229649E+05
0.338000000000233E-06 0.507620000000347E+03  0.348462105472203E+05  0.373955736864849E+05
0.340000000000235E-06 0.510600000000351E+03  0.338703230942011E+05  0.455934437845233E+05
0.342000000000238E-06 0.513580000000354E+03  0.393893522227397E+05  0.328329775796902E+05
0.344000000000240E-06 0.516560000000357E+03  0.448859299351300E+05  0.253360592469926E+05
0.346000000000242E-06 0.519540000000361E+03  0.449406295817585E+05  0.350690954363988E+05
0.348000000000244E-06 0.522520000000364E+03  0.400914631716252E+05  0.469915472425231E+05
0.350000000000247E-06 0.525500000000368E+03  0.418708696084242E+05  0.507868813183251E+05
0.352000000000249E-06 0.528480000000371E+03  0.363040179400050E+05  0.456062937765618E+05
0.354000000000251E-06 0.531460000000374E+03  0.350322919581549E+05  0.390670212821070E+05
0.356000000000253E-06 0.534440000000378E+03  0.327639335828521E+05  0.360967175063421E+05
0.358000000000256E-06 0.537420000000381E+03  0.365282337734275E+05  0.317997412195394E+05
0.360000000000258E-06 0.540400000000384E+03  0.338514773934555E+05  0.294101296871033E+05
0.362000000000260E-06 0.543380000000388E+03  0.487722749366068E+05  0.272528868988097E+05
0.364000000000263E-06 0.546360000000391E+03  0.311293825473069E+05  0.376973411878414E+05
0.366000000000265E-06 0.549340000000395E+03  0.303994067188532E+05  0.390225836017222E+05
0.368000000000267E-06 0.552320000000398E+03  0.352852256261544E+05  0.416378598046878E+05
0.370000000000269E-06 0.555300000000401E+03  0.457581913551058E+05  0.525751979720815E+05
0.372000000000272E-06 0.558280000000405E+03  0.414141797386548E+05  0.497073105843306E+05
0.374000000000274E-06 0.561260000000408E+03  0.332101013523053E+05  0.540116765462694E+05
0.376000000000276E-06 0.564240000000411E+03  0.301090627392643E+05  0.515074291950461E+05
0.378000000000278E-06 0.567220000000415E+03  0.303579419621572E+05  0.278972448924360E+05
0.380000000000281E-06 0.570200000000418E+03  0.476522325561401E+05  0.351878614778782E+05
0.382000000000283E-06 0.573180000000422E+03  0.485033032429746E+05  0.306330675774110E+05
0.384000000000285E-06 0.576160000000425E+03  0.380322606759959E+05  0.423620755155293E+05
0.386000000000287E-06 0.579140000000428E+03  0.276759052234989E+05  0.363820414629742E+05
0.388000000000290E-06 0.582120000000432E+03  0.287032329791266E+05  0.380650321934116E+05
0.390000000000292E-06 0.585100000000435E+03  0.458047232791252E+05  0.440886320349816E+05
0.392000000000294E-06 0.588080000000439E+03  0.472483319031285E+05  0.314666306651671E+05
0.394000000000297E-06 0.591060000000442E+03  0.388663299717824E+05  0.329139088007504E+05
0.396000000000299E-06 0.594040000000445E+03  0.521043273645017E+05  0.347066084633038E+05
0.398000000000301E-06 0.597020000000449E+03  0.407039627450869E+05  0.346910879960930E+05
0.400000000000303E-06 0.600000000000452E+03  0.471723483881240E+05  0.319682569941515E+05
