#  MCS   M-mean   M-sdt Γθ-mean  Γθ-std δθ-mean  δθ-std
     0   0.0869  0.0227  0.5367  0.0150  0.9425  0.0000
     1   0.1862  0.0214  0.4945  0.0162  1.1310  0.0000
     2   0.2969  0.0202  0.4575  0.0163  1.3572  0.0000
     3   0.4130  0.0176  0.4158  0.0161  1.6286  0.0000
     4   0.5238  0.0167  0.3696  0.0166  1.9543  0.0000
     5   0.6197  0.0144  0.3130  0.0164  2.3452  0.0000
     6   0.6938  0.0119  0.2555  0.0136  2.8142  0.0000
     7   0.7438  0.0096  0.2000  0.0125  2.8291  0.1212
     8   0.7799  0.0080  0.1769  0.0141  2.4803  0.2832
     9   0.8106  0.0074  0.1828  0.0212  2.2509  0.1710
    10   0.8359  0.0074  0.1813  0.0178  2.0608  0.2158
    11   0.8570  0.0065  0.1794  0.0211  1.8373  0.1405
    12   0.8754  0.0060  0.1883  0.0170  1.7381  0.1486
    13   0.8914  0.0053  0.1880  0.0208  1.6309  0.1852
    14   0.9050  0.0047  0.1866  0.0225  1.4989  0.1481
    15   0.9166  0.0042  0.1906  0.0199  1.4212  0.0850
    16   0.9266  0.0037  0.1894  0.0171  1.3599  0.1113
    17   0.9353  0.0035  0.1893  0.0210  1.2901  0.1265
    18   0.9425  0.0030  0.1914  0.0228  1.2322  0.1234
    19   0.9487  0.0026  0.1925  0.0195  1.1678  0.0947
    20   0.9541  0.0024  0.1915  0.0188  1.1121  0.0820
    21   0.9589  0.0022  0.1953  0.0187  1.0820  0.0839
    22   0.9629  0.0020  0.1925  0.0206  1.0406  0.0996
    23   0.9663  0.0019  0.1924  0.0219  0.9912  0.1057
    24   0.9693  0.0017  0.1982  0.0236  0.9711  0.0957
    25   0.9721  0.0015  0.1980  0.0205  0.9505  0.0893
    26   0.9743  0.0013  0.1971  0.0227  0.9252  0.0865
    27   0.9763  0.0012  0.1990  0.0226  0.9186  0.0846
    28   0.9780  0.0011  0.1935  0.0224  0.8886  0.0650
    29   0.9795  0.0010  0.1916  0.0186  0.8536  0.0642
    30   0.9807  0.0009  0.2008  0.0216  0.8514  0.0721
    31   0.9818  0.0008  0.1970  0.0203  0.8323  0.0697
    32   0.9828  0.0007  0.2013  0.0210  0.8349  0.0625
    33   0.9836  0.0007  0.1960  0.0186  0.8126  0.0651
    34   0.9844  0.0006  0.2014  0.0220  0.8051  0.0667
    35   0.9850  0.0006  0.1996  0.0210  0.8033  0.0725
    36   0.9856  0.0005  0.1984  0.0232  0.7956  0.0639
    37   0.9860  0.0005  0.1985  0.0202  0.7925  0.0670
    38   0.9865  0.0005  0.1958  0.0217  0.7776  0.0669
    39   0.9868  0.0005  0.1997  0.0212  0.7800  0.0687
    40   0.9872  0.0004  0.2003  0.0206  0.7826  0.0635
    41   0.9875  0.0004  0.1957  0.0195  0.7589  0.0703
    42   0.9877  0.0004  0.2006  0.0230  0.7630  0.0589
    43   0.9879  0.0004  0.2002  0.0192  0.7631  0.0551
    44   0.9881  0.0004  0.2016  0.0197  0.7689  0.0553
    45   0.9883  0.0004  0.1970  0.0191  0.7666  0.0540
    46   0.9885  0.0004  0.1976  0.0202  0.7585  0.0634
    47   0.9886  0.0004  0.1980  0.0205  0.7515  0.0657
    48   0.9887  0.0004  0.1985  0.0233  0.7403  0.0668
    49   0.9888  0.0004  0.2029  0.0202  0.7478  0.0582
    50   0.9889  0.0004  0.2001  0.0202  0.7455  0.0654
    51   0.9890  0.0003  0.1990  0.0218  0.7387  0.0580
    52   0.9891  0.0003  0.2002  0.0205  0.7417  0.0489
    53   0.9892  0.0003  0.2023  0.0187  0.7525  0.0547
    54   0.9892  0.0003  0.1962  0.0185  0.7474  0.0582
    55   0.9893  0.0003  0.1937  0.0197  0.7236  0.0691
    56   0.9893  0.0004  0.2057  0.0222  0.7438  0.0447
    57   0.9894  0.0003  0.1972  0.0171  0.7315  0.0601
    58   0.9894  0.0003  0.2019  0.0218  0.7357  0.0586
    59   0.9895  0.0003  0.1986  0.0180  0.7325  0.0560
    60   0.9895  0.0003  0.2023  0.0213  0.7448  0.0562
    61   0.9895  0.0003  0.1974  0.0185  0.7279  0.0502
    62   0.9896  0.0003  0.2023  0.0198  0.7326  0.0545
    63   0.9896  0.0003  0.1993  0.0207  0.7288  0.0593
    64   0.9896  0.0004  0.1994  0.0188  0.7250  0.0596
    65   0.9896  0.0004  0.2028  0.0218  0.7290  0.0588
    66   0.9896  0.0004  0.1991  0.0199  0.7220  0.0557
    67   0.9896  0.0004  0.2065  0.0199  0.7292  0.0558
    68   0.9897  0.0004  0.2021  0.0192  0.7255  0.0598
    69   0.9897  0.0004  0.2018  0.0218  0.7324  0.0625
    70   0.9897  0.0004  0.1989  0.0224  0.7207  0.0629
    71   0.9897  0.0003  0.2042  0.0237  0.7301  0.0605
    72   0.9897  0.0004  0.1994  0.0190  0.7228  0.0595
    73   0.9897  0.0004  0.2032  0.0227  0.7251  0.0546
    74   0.9897  0.0003  0.2028  0.0195  0.7256  0.0632
    75   0.9897  0.0003  0.2045  0.0209  0.7323  0.0597
    76   0.9897  0.0003  0.2015  0.0209  0.7376  0.0540
    77   0.9897  0.0003  0.1965  0.0204  0.7185  0.0647
    78   0.9897  0.0003  0.2053  0.0239  0.7243  0.0614
    79   0.9897  0.0003  0.2043  0.0233  0.7264  0.0540
    80   0.9897  0.0003  0.2010  0.0214  0.7234  0.0578
    81   0.9898  0.0003  0.2037  0.0222  0.7191  0.0588
    82   0.9897  0.0003  0.2030  0.0235  0.7255  0.0627
    83   0.9897  0.0003  0.2023  0.0214  0.7288  0.0490
    84   0.9898  0.0003  0.2015  0.0202  0.7310  0.0558
    85   0.9897  0.0003  0.1998  0.0199  0.7266  0.0566
    86   0.9897  0.0003  0.2006  0.0213  0.7291  0.0525
    87   0.9898  0.0003  0.1979  0.0184  0.7215  0.0623
    88   0.9898  0.0003  0.2033  0.0230  0.7310  0.0576
    89   0.9898  0.0003  0.2006  0.0187  0.7327  0.0578
    90   0.9898  0.0003  0.2005  0.0191  0.7370  0.0609
    91   0.9898  0.0003  0.1982  0.0223  0.7259  0.0520
    92   0.9898  0.0003  0.2027  0.0177  0.7243  0.0552
    93   0.9898  0.0003  0.2019  0.0210  0.7287  0.0514
    94   0.9898  0.0004  0.2003  0.0178  0.7265  0.0514
    95   0.9899  0.0003  0.2004  0.0191  0.7301  0.0470
    96   0.9899  0.0003  0.2015  0.0197  0.7326  0.0682
    97   0.9899  0.0003  0.2014  0.0208  0.7303  0.0525
    98   0.9899  0.0003  0.1998  0.0162  0.7303  0.0527
   100   0.9898  0.0003  0.1995  0.0191  0.7224  0.0495
