#                t(s)                  T(K)             M_ZFC(A/m)              M_FC(A/m)
0.200000000000000E-08 0.698000000000000E+01  0.128718903629097E+05  0.289628323670114E+06
0.400000000000002E-08 0.996000000000003E+01  0.122475091302999E+05  0.290286926293177E+06
0.599999999999997E-08 0.129400000000000E+02  0.116902083379841E+05  0.288307988397073E+06
0.799999999999992E-08 0.159199999999999E+02  0.130832448877432E+05  0.288692451962110E+06
0.999999999999988E-08 0.188999999999998E+02  0.144207374288085E+05  0.287824625680484E+06
0.119999999999998E-07 0.218799999999997E+02  0.116925979317471E+05  0.289527510538484E+06
0.139999999999998E-07 0.248599999999997E+02  0.119770543778102E+05  0.289331645148008E+06
0.159999999999999E-07 0.278399999999999E+02  0.124197801651092E+05  0.288364976228005E+06
0.180000000000002E-07 0.308200000000003E+02  0.133658279076348E+05  0.287308510016881E+06
0.200000000000005E-07 0.338000000000007E+02  0.123175349462328E+05  0.287456947271906E+06
0.220000000000008E-07 0.367800000000011E+02  0.123808568667589E+05  0.286666917529186E+06
0.240000000000010E-07 0.397600000000016E+02  0.137574981667630E+05  0.286701030334531E+06
0.260000000000013E-07 0.427400000000020E+02  0.115263413436630E+05  0.286525193967115E+06
0.280000000000016E-07 0.457200000000024E+02  0.143632711367538E+05  0.286587674174870E+06
0.300000000000018E-07 0.487000000000027E+02  0.126238706820849E+05  0.285083876668702E+06
0.320000000000014E-07 0.516800000000022E+02  0.125368905015191E+05  0.285456795143333E+06
0.340000000000011E-07 0.546600000000016E+02  0.118099729149230E+05  0.286788188943731E+06
0.360000000000007E-07 0.576400000000010E+02  0.116687837473624E+05  0.285025247859687E+06
0.380000000000003E-07 0.606200000000005E+02  0.115128251775354E+05  0.284508893194388E+06
0.399999999999999E-07 0.635999999999999E+02  0.115906917745788E+05  0.285354771179314E+06
0.419999999999995E-07 0.665799999999993E+02  0.120879036907375E+05  0.284569760540531E+06
0.439999999999992E-07 0.695599999999988E+02  0.133515617218003E+05  0.285055343657528E+06
0.459999999999988E-07 0.725399999999982E+02  0.149642932630828E+05  0.285906872079579E+06
0.479999999999984E-07 0.755199999999976E+02  0.909167268113323E+04  0.285998162586215E+06
0.499999999999980E-07 0.784999999999971E+02  0.173051809154964E+05  0.284739781583859E+06
0.519999999999977E-07 0.814799999999965E+02  0.140342632937066E+05  0.287297796350127E+06
0.539999999999973E-07 0.844599999999959E+02  0.139916990531299E+05  0.284714824128343E+06
0.559999999999969E-07 0.874399999999954E+02  0.959015389769058E+04  0.284159773025545E+06
0.579999999999965E-07 0.904199999999948E+02  0.137125053491740E+05  0.282259779587322E+06
0.599999999999961E-07 0.933999999999943E+02  0.928201880088366E+04  0.284145885441999E+06
0.619999999999958E-07 0.963799999999937E+02  0.138579715256306E+05  0.286474684739721E+06
0.639999999999954E-07 0.993599999999931E+02  0.117179976989619E+05  0.281404486885080E+06
0.659999999999950E-07 0.102339999999993E+03  0.113954582572702E+05  0.282814555064623E+06
0.679999999999946E-07 0.105319999999992E+03  0.135967879121679E+05  0.281360729524242E+06
0.699999999999942E-07 0.108299999999991E+03  0.151291127885156E+05  0.282958785730068E+06
0.719999999999939E-07 0.111279999999991E+03  0.155848746216299E+05  0.277324670976836E+06
0.739999999999935E-07 0.114259999999990E+03  0.109464054816998E+05  0.283398574770243E+06
0.759999999999931E-07 0.117239999999990E+03  0.137925845135253E+05  0.283941535195095E+06
0.779999999999927E-07 0.120219999999989E+03  0.103735389335858E+05  0.280537796218355E+06
0.799999999999924E-07 0.123199999999989E+03  0.127043001069887E+05  0.278133622267489E+06
0.819999999999920E-07 0.126179999999988E+03  0.106843658031173E+05  0.278620001427158E+06
0.839999999999916E-07 0.129159999999987E+03  0.134667660271644E+05  0.279766310613522E+06
0.859999999999912E-07 0.132139999999987E+03  0.112247834133422E+05  0.276799930427740E+06
0.879999999999908E-07 0.135119999999986E+03  0.160396792054572E+05  0.276240202148455E+06
0.899999999999905E-07 0.138099999999986E+03  0.116632723456396E+05  0.283048171273680E+06
0.919999999999901E-07 0.141079999999985E+03  0.165053611122995E+05  0.274267121438314E+06
0.939999999999897E-07 0.144059999999985E+03  0.118720001270654E+05  0.278998848417275E+06
0.959999999999893E-07 0.147039999999984E+03  0.919551205409615E+04  0.278658229768295E+06
0.979999999999889E-07 0.150019999999984E+03  0.124856215487063E+05  0.278594868455372E+06
0.999999999999886E-07 0.152999999999983E+03  0.135125731070614E+05  0.275029626285666E+06
0.101999999999988E-06 0.155979999999982E+03  0.159660258861109E+05  0.279098393192725E+06
0.103999999999988E-06 0.158959999999982E+03  0.826555370513455E+04  0.274440454378394E+06
0.105999999999987E-06 0.161939999999981E+03  0.156321774408952E+05  0.279059717179694E+06
0.107999999999987E-06 0.164919999999981E+03  0.143488836964946E+05  0.276727650481155E+06
0.109999999999987E-06 0.167899999999980E+03  0.134316058407963E+05  0.274596901803607E+06
0.111999999999986E-06 0.170879999999980E+03  0.138900090624569E+05  0.274083620650068E+06
0.113999999999986E-06 0.173859999999979E+03  0.135189441102016E+05  0.274092292687286E+06
0.115999999999986E-06 0.176839999999978E+03  0.130703697338908E+05  0.278815236649834E+06
0.117999999999985E-06 0.179819999999978E+03  0.136920027788531E+05  0.276669844212908E+06
0.119999999999986E-06 0.182799999999979E+03  0.135123841095783E+05  0.274987288780961E+06
0.121999999999988E-06 0.185779999999982E+03  0.194292836817571E+05  0.270724483470250E+06
0.123999999999990E-06 0.188759999999986E+03  0.176123634730491E+05  0.272348720025535E+06
0.125999999999993E-06 0.191739999999989E+03  0.180224051211561E+05  0.270422652211640E+06
0.127999999999995E-06 0.194719999999992E+03  0.110709233818345E+05  0.270008211264059E+06
0.129999999999997E-06 0.197699999999996E+03  0.138353385090530E+05  0.271567235032658E+06
0.131999999999999E-06 0.200679999999999E+03  0.140945390672726E+05  0.267272777409710E+06
0.134000000000002E-06 0.203660000000003E+03  0.156554759853107E+05  0.274109908172960E+06
0.136000000000004E-06 0.206640000000006E+03  0.146944592285978E+05  0.271697857742243E+06
0.138000000000006E-06 0.209620000000009E+03  0.157742054027840E+05  0.265699367822287E+06
0.140000000000009E-06 0.212600000000013E+03  0.210181801767484E+05  0.266792870091006E+06
0.142000000000011E-06 0.215580000000016E+03  0.185681304888553E+05  0.267586738126877E+06
0.144000000000013E-06 0.218560000000019E+03  0.183518990133840E+05  0.266061640587305E+06
0.146000000000015E-06 0.221540000000023E+03  0.202473264784562E+05  0.259863670879972E+06
0.148000000000018E-06 0.224520000000026E+03  0.179108928137666E+05  0.260274605258859E+06
0.150000000000020E-06 0.227500000000030E+03  0.159720147266857E+05  0.258786407274522E+06
0.152000000000022E-06 0.230480000000033E+03  0.213468593545577E+05  0.263682871881193E+06
0.154000000000024E-06 0.233460000000036E+03  0.199017834549358E+05  0.253765052851656E+06
0.156000000000027E-06 0.236440000000040E+03  0.224173547668089E+05  0.251775203553541E+06
0.158000000000029E-06 0.239420000000043E+03  0.168765343810435E+05  0.251146052036595E+06
0.160000000000031E-06 0.242400000000046E+03  0.250627336364359E+05  0.248532803415295E+06
0.162000000000033E-06 0.245380000000050E+03  0.324866900996928E+05  0.250407537849399E+06
0.164000000000036E-06 0.248360000000053E+03  0.245835541195409E+05  0.240958497808923E+06
0.166000000000038E-06 0.251340000000057E+03  0.289742655558102E+05  0.237929777966689E+06
0.168000000000040E-06 0.254320000000060E+03  0.267145988006161E+05  0.239820456389564E+06
0.170000000000043E-06 0.257300000000063E+03  0.342868918220127E+05  0.235608995735629E+06
0.172000000000045E-06 0.260280000000067E+03  0.304148149758174E+05  0.238413675466991E+06
0.174000000000047E-06 0.263260000000070E+03  0.308380993733968E+05  0.239878045918491E+06
0.176000000000049E-06 0.266240000000074E+03  0.339860870793555E+05  0.234031594587700E+06
0.178000000000052E-06 0.269220000000077E+03  0.335902694260735E+05  0.232099936068370E+06
0.180000000000054E-06 0.272200000000080E+03  0.371762372033861E+05  0.223786111478369E+06
0.182000000000056E-06 0.275180000000084E+03  0.314972386037090E+05  0.220163834177563E+06
0.184000000000058E-06 0.278160000000087E+03  0.445788087668907E+05  0.223382736619710E+06
0.186000000000061E-06 0.281140000000090E+03  0.414633324149960E+05  0.210903477784329E+06
0.188000000000063E-06 0.284120000000094E+03  0.516309975270914E+05  0.210860356252219E+06
0.190000000000065E-06 0.287100000000097E+03  0.498825716384448E+05  0.209108870539098E+06
0.192000000000067E-06 0.290080000000101E+03  0.497741347521067E+05  0.199867993428469E+06
0.194000000000070E-06 0.293060000000104E+03  0.508131851947452E+05  0.200676798543131E+06
0.196000000000072E-06 0.296040000000107E+03  0.498011003199565E+05  0.195963493678034E+06
0.198000000000074E-06 0.299020000000111E+03  0.494966191287041E+05  0.192188397242701E+06
0.200000000000077E-06 0.302000000000114E+03  0.546995757690444E+05  0.189171448676328E+06
0.202000000000079E-06 0.304980000000117E+03  0.577484159418290E+05  0.186092055222472E+06
0.204000000000081E-06 0.307960000000121E+03  0.528591247444692E+05  0.182774821721836E+06
0.206000000000083E-06 0.310940000000124E+03  0.449880911378204E+05  0.173975918875150E+06
0.208000000000086E-06 0.313920000000128E+03  0.528669451150171E+05  0.171950276159527E+06
0.210000000000088E-06 0.316900000000131E+03  0.466315241313891E+05  0.168295777071118E+06
0.212000000000090E-06 0.319880000000134E+03  0.487927023234072E+05  0.157678710670715E+06
0.214000000000092E-06 0.322860000000138E+03  0.465934018374240E+05  0.152676265905758E+06
0.216000000000095E-06 0.325840000000141E+03  0.501946461120087E+05  0.148180470156069E+06
0.218000000000097E-06 0.328820000000144E+03  0.471400375318333E+05  0.149244028507641E+06
0.220000000000099E-06 0.331800000000148E+03  0.404012747032710E+05  0.138045569464519E+06
0.222000000000101E-06 0.334780000000151E+03  0.527584166106413E+05  0.138603819237033E+06
0.224000000000104E-06 0.337760000000155E+03  0.602950509349673E+05  0.134907991780929E+06
0.226000000000106E-06 0.340740000000158E+03  0.570256238295076E+05  0.129413739274221E+06
0.228000000000108E-06 0.343720000000161E+03  0.500424746824983E+05  0.137655314806824E+06
0.230000000000111E-06 0.346700000000165E+03  0.520875391482732E+05  0.128131489314502E+06
0.232000000000113E-06 0.349680000000168E+03  0.548607130810915E+05  0.119976563730659E+06
0.234000000000115E-06 0.352660000000171E+03  0.530491967299889E+05  0.120331026490962E+06
0.236000000000117E-06 0.355640000000175E+03  0.564207468578788E+05  0.111641096621974E+06
0.238000000000120E-06 0.358620000000178E+03  0.633363915940430E+05  0.115463527810624E+06
0.240000000000122E-06 0.361600000000182E+03  0.544135292937098E+05  0.113696143154464E+06
0.242000000000124E-06 0.364580000000185E+03  0.591564764633668E+05  0.107834259935240E+06
0.244000000000126E-06 0.367560000000188E+03  0.569125517704074E+05  0.893981253019605E+05
0.246000000000129E-06 0.370540000000192E+03  0.517508493085715E+05  0.101885438008622E+06
0.248000000000131E-06 0.373520000000195E+03  0.495926011160593E+05  0.932002813522803E+05
0.250000000000133E-06 0.376500000000198E+03  0.470257394516132E+05  0.933162298837806E+05
0.252000000000136E-06 0.379480000000202E+03  0.527912951284842E+05  0.926384257865441E+05
0.254000000000138E-06 0.382460000000205E+03  0.510554040348199E+05  0.973166603293624E+05
0.256000000000140E-06 0.385440000000209E+03  0.522357742084186E+05  0.849061276333734E+05
0.258000000000142E-06 0.388420000000212E+03  0.478730498079733E+05  0.787294951783105E+05
0.260000000000145E-06 0.391400000000215E+03  0.544319901179074E+05  0.838515477637860E+05
0.262000000000147E-06 0.394380000000219E+03  0.446070750524925E+05  0.840811856395074E+05
0.264000000000149E-06 0.397360000000222E+03  0.529839537374008E+05  0.703445702290543E+05
0.266000000000151E-06 0.400340000000226E+03  0.584415112336535E+05  0.720682828702599E+05
0.268000000000154E-06 0.403320000000229E+03  0.459334404976727E+05  0.675282004343809E+05
0.270000000000156E-06 0.406300000000232E+03  0.570012145654724E+05  0.660502094845877E+05
0.272000000000158E-06 0.409280000000236E+03  0.421180444270321E+05  0.750344200962627E+05
0.274000000000160E-06 0.412260000000239E+03  0.445022557732122E+05  0.759893483318701E+05
0.276000000000163E-06 0.415240000000243E+03  0.574661667839868E+05  0.748240213345507E+05
0.278000000000165E-06 0.418220000000246E+03  0.463958609390514E+05  0.615297036211282E+05
0.280000000000167E-06 0.421200000000249E+03  0.398303855391916E+05  0.608385847609526E+05
0.282000000000170E-06 0.424180000000253E+03  0.460805350870229E+05  0.646554935609093E+05
0.284000000000172E-06 0.427160000000256E+03  0.363409250178779E+05  0.517375234475583E+05
0.286000000000174E-06 0.430140000000259E+03  0.462501058087173E+05  0.534217550531698E+05
0.288000000000176E-06 0.433120000000263E+03  0.488839211681173E+05  0.502727581929160E+05
0.290000000000179E-06 0.436100000000266E+03  0.514301641516446E+05  0.614806565472246E+05
0.292000000000181E-06 0.439080000000269E+03  0.399802870701123E+05  0.569048835615275E+05
0.294000000000183E-06 0.442060000000273E+03  0.412621607134973E+05  0.631204942172541E+05
0.296000000000185E-06 0.445040000000276E+03  0.446818185259283E+05  0.635240376695551E+05
0.298000000000188E-06 0.448020000000280E+03  0.295823848122995E+05  0.549314638276741E+05
0.300000000000190E-06 0.451000000000283E+03  0.426671640215341E+05  0.498221386000705E+05
0.302000000000192E-06 0.453980000000286E+03  0.482605682418068E+05  0.396525692498550E+05
0.304000000000194E-06 0.456960000000290E+03  0.384394993952600E+05  0.501577035698972E+05
0.306000000000197E-06 0.459940000000293E+03  0.408553148954361E+05  0.490335836135807E+05
0.308000000000199E-06 0.462920000000297E+03  0.283538833527568E+05  0.538995233408710E+05
0.310000000000201E-06 0.465900000000300E+03  0.390012021176314E+05  0.459155818562466E+05
0.312000000000204E-06 0.468880000000303E+03  0.368973153427617E+05  0.484656939078644E+05
0.314000000000206E-06 0.471860000000307E+03  0.407559084118925E+05  0.461946494213626E+05
0.316000000000208E-06 0.474840000000310E+03  0.551751416202603E+05  0.434071841236799E+05
0.318000000000210E-06 0.477820000000313E+03  0.554354266021667E+05  0.397655034572159E+05
0.320000000000213E-06 0.480800000000317E+03  0.578140017330119E+05  0.414285951738615E+05
0.322000000000215E-06 0.483780000000320E+03  0.595152481399545E+05  0.437622358866891E+05
0.324000000000217E-06 0.486760000000324E+03  0.418388756556170E+05  0.371862034442568E+05
0.326000000000219E-06 0.489740000000327E+03  0.516902742467367E+05  0.446897101669219E+05
0.328000000000222E-06 0.492720000000330E+03  0.390868884315227E+05  0.470173688844174E+05
0.330000000000224E-06 0.495700000000334E+03  0.412006017767815E+05  0.429755742316013E+05
0.332000000000226E-06 0.498680000000337E+03  0.452114761038839E+05  0.337448977406334E+05
0.334000000000228E-06 0.501660000000340E+03  0.423339309816556E+05  0.399528294891282E+05
0.336000000000231E-06 0.504640000000344E+03  0.359016876030330E+05  0.541889626999211E+05
0.338000000000233E-06 0.507620000000347E+03  0.409145162357906E+05  0.485360020501223E+05
0.340000000000235E-06 0.510600000000351E+03  0.321086614507580E+05  0.507341595926715E+05
0.342000000000238E-06 0.513580000000354E+03  0.432530068641592E+05  0.470937392890727E+05
0.344000000000240E-06 0.516560000000357E+03  0.618510394620127E+05  0.343151165934564E+05
0.346000000000242E-06 0.519540000000361E+03  0.515018751392254E+05  0.456634916584699E+05
0.348000000000244E-06 0.522520000000364E+03  0.480690328326651E+05  0.406498488906446E+05
0.350000000000247E-06 0.525500000000368E+03  0.464043234818807E+05  0.252617278656533E+05
0.352000000000249E-06 0.528480000000371E+03  0.440167454274854E+05  0.376508801760550E+05
0.354000000000251E-06 0.531460000000374E+03  0.405320600801886E+05  0.441574463622063E+05
0.356000000000253E-06 0.534440000000378E+03  0.396257929678652E+05  0.429509495846428E+05
0.358000000000256E-06 0.537420000000381E+03  0.492030714137197E+05  0.397216738795064E+05
0.360000000000258E-06 0.540400000000384E+03  0.448612440919222E+05  0.411400349737808E+05
0.362000000000260E-06 0.543380000000388E+03  0.571978684385910E+05  0.506791433639962E+05
0.364000000000263E-06 0.546360000000391E+03  0.470280128303506E+05  0.414517683879033E+05
0.366000000000265E-06 0.549340000000395E+03  0.602423644305902E+05  0.368105280271785E+05
0.368000000000267E-06 0.552320000000398E+03  0.675957596339197E+05  0.359767569711717E+05
0.370000000000269E-06 0.555300000000401E+03  0.576265240851078E+05  0.363372377687202E+05
0.372000000000272E-06 0.558280000000405E+03  0.369538209982227E+05  0.483916587984920E+05
0.374000000000274E-06 0.561260000000408E+03  0.456164383870484E+05  0.352367468990156E+05
0.376000000000276E-06 0.564240000000411E+03  0.556416804562380E+05  0.274202675634313E+05
0.378000000000278E-06 0.567220000000415E+03  0.463779219557708E+05  0.325796003221976E+05
0.380000000000281E-06 0.570200000000418E+03  0.483929443007237E+05  0.332234605752427E+05
0.382000000000283E-06 0.573180000000422E+03  0.449275077997486E+05  0.241770709320342E+05
0.384000000000285E-06 0.576160000000425E+03  0.391165416503822E+05  0.323027647795395E+05
0.386000000000287E-06 0.579140000000428E+03  0.437628653417365E+05  0.218341495948955E+05
0.388000000000290E-06 0.582120000000432E+03  0.424451186004226E+05  0.205091787239751E+05
0.390000000000292E-06 0.585100000000435E+03  0.374665136152206E+05  0.259874072062828E+05
0.392000000000294E-06 0.588080000000439E+03  0.290484297627842E+05  0.255765683418491E+05
0.394000000000297E-06 0.591060000000442E+03  0.299065002161353E+05  0.313567090865600E+05
0.396000000000299E-06 0.594040000000445E+03  0.276717132789376E+05  0.334992173519366E+05
0.398000000000301E-06 0.597020000000449E+03  0.269948591525122E+05  0.198278836934296E+05
0.400000000000303E-06 0.600000000000452E+03  0.369305239953082E+05  0.916128539590907E+04
