#                t(s)                  T(K)             M_ZFC(A/m)              M_FC(A/m)
0.200000000000000E-08 0.698000000000000E+01  0.205764928601804E+05  0.297955280139329E+06
0.400000000000002E-08 0.996000000000003E+01  0.192551709498256E+05  0.296827218943152E+06
0.599999999999997E-08 0.129400000000000E+02  0.193779399749628E+05  0.297393678450398E+06
0.799999999999992E-08 0.159199999999999E+02  0.205780076245574E+05  0.295895953585633E+06
0.999999999999988E-08 0.188999999999998E+02  0.192102080419000E+05  0.295215312256210E+06
0.119999999999998E-07 0.218799999999997E+02  0.199742266854252E+05  0.296699040451549E+06
0.139999999999998E-07 0.248599999999997E+02  0.207357911204696E+05  0.295865841654272E+06
0.159999999999999E-07 0.278399999999999E+02  0.187228881763225E+05  0.295307657942609E+06
0.180000000000002E-07 0.308200000000003E+02  0.190537059016123E+05  0.295336872409526E+06
0.200000000000005E-07 0.338000000000007E+02  0.205526194619846E+05  0.294480951920739E+06
0.220000000000008E-07 0.367800000000011E+02  0.194670931308599E+05  0.296189733552993E+06
0.240000000000010E-07 0.397600000000016E+02  0.197293576134306E+05  0.294831007349744E+06
0.260000000000013E-07 0.427400000000020E+02  0.201148664609430E+05  0.295610457806601E+06
0.280000000000016E-07 0.457200000000024E+02  0.203402278694604E+05  0.294245189153788E+06
0.300000000000018E-07 0.487000000000027E+02  0.193012534531686E+05  0.294743789588498E+06
0.320000000000014E-07 0.516800000000022E+02  0.168131180089437E+05  0.292654801091274E+06
0.340000000000011E-07 0.546600000000016E+02  0.218597742633220E+05  0.294472075608440E+06
0.360000000000007E-07 0.576400000000010E+02  0.199309711746712E+05  0.293269302589360E+06
0.380000000000003E-07 0.606200000000005E+02  0.207859675929566E+05  0.294364375920115E+06
0.399999999999999E-07 0.635999999999999E+02  0.213953005221118E+05  0.294673906924254E+06
0.419999999999995E-07 0.665799999999993E+02  0.188953115820185E+05  0.292580723983454E+06
0.439999999999992E-07 0.695599999999988E+02  0.218936238656630E+05  0.292929539804812E+06
0.459999999999988E-07 0.725399999999982E+02  0.215783925895633E+05  0.291845854711242E+06
0.479999999999984E-07 0.755199999999976E+02  0.204040964718846E+05  0.289790808279082E+06
0.499999999999980E-07 0.784999999999971E+02  0.193490827396482E+05  0.291814417738722E+06
0.519999999999977E-07 0.814799999999965E+02  0.188075274892862E+05  0.290789887755654E+06
0.539999999999973E-07 0.844599999999959E+02  0.199918313902140E+05  0.292132105251498E+06
0.559999999999969E-07 0.874399999999954E+02  0.204200362915925E+05  0.291116051418284E+06
0.579999999999965E-07 0.904199999999948E+02  0.229658842899360E+05  0.292931886408197E+06
0.599999999999961E-07 0.933999999999943E+02  0.193998888927477E+05  0.287356879310112E+06
0.619999999999958E-07 0.963799999999937E+02  0.209624881573062E+05  0.287482658143825E+06
0.639999999999954E-07 0.993599999999931E+02  0.221475206990076E+05  0.287793312645540E+06
0.659999999999950E-07 0.102339999999993E+03  0.216133445161928E+05  0.286779989588135E+06
0.679999999999946E-07 0.105319999999992E+03  0.210234760092007E+05  0.286740641054353E+06
0.699999999999942E-07 0.108299999999991E+03  0.190870157956132E+05  0.289682840587326E+06
0.719999999999939E-07 0.111279999999991E+03  0.155372564611388E+05  0.288066627890488E+06
0.739999999999935E-07 0.114259999999990E+03  0.218302774459358E+05  0.290073815354712E+06
0.759999999999931E-07 0.117239999999990E+03  0.222075511979264E+05  0.287054241787702E+06
0.779999999999927E-07 0.120219999999989E+03  0.202543491210213E+05  0.285512664872363E+06
0.799999999999924E-07 0.123199999999989E+03  0.187806732722708E+05  0.285093023080879E+06
0.819999999999920E-07 0.126179999999988E+03  0.213289266432555E+05  0.286900320833733E+06
0.839999999999916E-07 0.129159999999987E+03  0.186326960617178E+05  0.284428105017060E+06
0.859999999999912E-07 0.132139999999987E+03  0.199363703222629E+05  0.283777724536382E+06
0.879999999999908E-07 0.135119999999986E+03  0.206056635949891E+05  0.288238098811419E+06
0.899999999999905E-07 0.138099999999986E+03  0.211304849534006E+05  0.282680143880378E+06
0.919999999999901E-07 0.141079999999985E+03  0.212676855648303E+05  0.281913830138143E+06
0.939999999999897E-07 0.144059999999985E+03  0.204279564341279E+05  0.286262534120790E+06
0.959999999999893E-07 0.147039999999984E+03  0.183122778885533E+05  0.279863726316931E+06
0.979999999999889E-07 0.150019999999984E+03  0.249845980807513E+05  0.284658040878162E+06
0.999999999999886E-07 0.152999999999983E+03  0.233774543306892E+05  0.282814537196574E+06
0.101999999999988E-06 0.155979999999982E+03  0.224229190995448E+05  0.285166245533318E+06
0.103999999999988E-06 0.158959999999982E+03  0.193675445556240E+05  0.282413962502915E+06
0.105999999999987E-06 0.161939999999981E+03  0.186068720662155E+05  0.283264636441362E+06
0.107999999999987E-06 0.164919999999981E+03  0.220780313227906E+05  0.283307227511641E+06
0.109999999999987E-06 0.167899999999980E+03  0.222996504399100E+05  0.284689878303122E+06
0.111999999999986E-06 0.170879999999980E+03  0.198088403232885E+05  0.285572552599749E+06
0.113999999999986E-06 0.173859999999979E+03  0.242398002703567E+05  0.277521657647942E+06
0.115999999999986E-06 0.176839999999978E+03  0.219264246000397E+05  0.281905322048757E+06
0.117999999999985E-06 0.179819999999978E+03  0.212116365737976E+05  0.281179109415151E+06
0.119999999999986E-06 0.182799999999979E+03  0.284158432076755E+05  0.276083201514528E+06
0.121999999999988E-06 0.185779999999982E+03  0.198267392352228E+05  0.278876225153339E+06
0.123999999999990E-06 0.188759999999986E+03  0.253573859517206E+05  0.282497326603610E+06
0.125999999999993E-06 0.191739999999989E+03  0.241481991223852E+05  0.276994926682557E+06
0.127999999999995E-06 0.194719999999992E+03  0.245600155332636E+05  0.276505830808666E+06
0.129999999999997E-06 0.197699999999996E+03  0.221082022023569E+05  0.276484675879269E+06
0.131999999999999E-06 0.200679999999999E+03  0.214756573291802E+05  0.268622039497685E+06
0.134000000000002E-06 0.203660000000003E+03  0.197024530975136E+05  0.271603521291667E+06
0.136000000000004E-06 0.206640000000006E+03  0.229584205932135E+05  0.275164177058367E+06
0.138000000000006E-06 0.209620000000009E+03  0.265456863230289E+05  0.271459921079422E+06
0.140000000000009E-06 0.212600000000013E+03  0.271885638135874E+05  0.271017496738579E+06
0.142000000000011E-06 0.215580000000016E+03  0.233930126187527E+05  0.268433316471168E+06
0.144000000000013E-06 0.218560000000019E+03  0.237473934497564E+05  0.269655322495484E+06
0.146000000000015E-06 0.221540000000023E+03  0.236258737633506E+05  0.267728850030491E+06
0.148000000000018E-06 0.224520000000026E+03  0.299190943201762E+05  0.264172600876093E+06
0.150000000000020E-06 0.227500000000030E+03  0.293844633126315E+05  0.267926820970205E+06
0.152000000000022E-06 0.230480000000033E+03  0.260057335849439E+05  0.267083576021568E+06
0.154000000000024E-06 0.233460000000036E+03  0.295837546643072E+05  0.264445187879724E+06
0.156000000000027E-06 0.236440000000040E+03  0.367595099221692E+05  0.256698847918424E+06
0.158000000000029E-06 0.239420000000043E+03  0.340326615093723E+05  0.261613151101423E+06
0.160000000000031E-06 0.242400000000046E+03  0.406037623765100E+05  0.258775983615108E+06
0.162000000000033E-06 0.245380000000050E+03  0.324375438730667E+05  0.254463223499179E+06
0.164000000000036E-06 0.248360000000053E+03  0.403922844770608E+05  0.247502582205766E+06
0.166000000000038E-06 0.251340000000057E+03  0.413156489469829E+05  0.245273721973479E+06
0.168000000000040E-06 0.254320000000060E+03  0.419432167847254E+05  0.239708113500249E+06
0.170000000000043E-06 0.257300000000063E+03  0.418066202630093E+05  0.236340101547203E+06
0.172000000000045E-06 0.260280000000067E+03  0.418573365817226E+05  0.233104164636122E+06
0.174000000000047E-06 0.263260000000070E+03  0.381773683310155E+05  0.231532894368506E+06
0.176000000000049E-06 0.266240000000074E+03  0.397352117362603E+05  0.232388138167489E+06
0.178000000000052E-06 0.269220000000077E+03  0.398452289974621E+05  0.224125390979653E+06
0.180000000000054E-06 0.272200000000080E+03  0.374585883059533E+05  0.219766517794492E+06
0.182000000000056E-06 0.275180000000084E+03  0.464178584626220E+05  0.218169846489400E+06
0.184000000000058E-06 0.278160000000087E+03  0.387492869251406E+05  0.216958804069755E+06
0.186000000000061E-06 0.281140000000090E+03  0.387999130582356E+05  0.214176037448256E+06
0.188000000000063E-06 0.284120000000094E+03  0.393418999677222E+05  0.206557496468632E+06
0.190000000000065E-06 0.287100000000097E+03  0.362890798262166E+05  0.203382919564126E+06
0.192000000000067E-06 0.290080000000101E+03  0.358681815151912E+05  0.199126190783707E+06
0.194000000000070E-06 0.293060000000104E+03  0.495297285099656E+05  0.194956765060520E+06
0.196000000000072E-06 0.296040000000107E+03  0.448690365195851E+05  0.191798584006389E+06
0.198000000000074E-06 0.299020000000111E+03  0.460983407098887E+05  0.189157010524868E+06
0.200000000000077E-06 0.302000000000114E+03  0.422894671295324E+05  0.186021563917653E+06
0.202000000000079E-06 0.304980000000117E+03  0.420249255151583E+05  0.185007185482152E+06
0.204000000000081E-06 0.307960000000121E+03  0.512203189305721E+05  0.174608023611964E+06
0.206000000000083E-06 0.310940000000124E+03  0.546705009099968E+05  0.167688766946098E+06
0.208000000000086E-06 0.313920000000128E+03  0.489550977119605E+05  0.158952292856077E+06
0.210000000000088E-06 0.316900000000131E+03  0.535195084711253E+05  0.167108798058876E+06
0.212000000000090E-06 0.319880000000134E+03  0.537230565658068E+05  0.162726733877098E+06
0.214000000000092E-06 0.322860000000138E+03  0.527876008853267E+05  0.158598120501230E+06
0.216000000000095E-06 0.325840000000141E+03  0.491522726867454E+05  0.156885925415498E+06
0.218000000000097E-06 0.328820000000144E+03  0.526967663338606E+05  0.142834738357604E+06
0.220000000000099E-06 0.331800000000148E+03  0.568646045985208E+05  0.145029619185937E+06
0.222000000000101E-06 0.334780000000151E+03  0.482814714803090E+05  0.139782832670129E+06
0.224000000000104E-06 0.337760000000155E+03  0.416178821542949E+05  0.133182360197646E+06
0.226000000000106E-06 0.340740000000158E+03  0.516217926284014E+05  0.131148568610888E+06
0.228000000000108E-06 0.343720000000161E+03  0.512694995179898E+05  0.131918426540644E+06
0.230000000000111E-06 0.346700000000165E+03  0.539217894494755E+05  0.122503491229532E+06
0.232000000000113E-06 0.349680000000168E+03  0.551944323160767E+05  0.124145791594397E+06
0.234000000000115E-06 0.352660000000171E+03  0.486792557129947E+05  0.112920860427050E+06
0.236000000000117E-06 0.355640000000175E+03  0.640183336417341E+05  0.113579600371345E+06
0.238000000000120E-06 0.358620000000178E+03  0.591725139426211E+05  0.112051031891496E+06
0.240000000000122E-06 0.361600000000182E+03  0.599150187127433E+05  0.109335384409275E+06
0.242000000000124E-06 0.364580000000185E+03  0.560407537659720E+05  0.104634622042406E+06
0.244000000000126E-06 0.367560000000188E+03  0.565109614192151E+05  0.107471210308707E+06
0.246000000000129E-06 0.370540000000192E+03  0.573097173332620E+05  0.983805182524641E+05
0.248000000000131E-06 0.373520000000195E+03  0.516278833494057E+05  0.950349804105419E+05
0.250000000000133E-06 0.376500000000198E+03  0.538839100539631E+05  0.850909865356710E+05
0.252000000000136E-06 0.379480000000202E+03  0.645623598175596E+05  0.914302321418152E+05
0.254000000000138E-06 0.382460000000205E+03  0.514651272722763E+05  0.823023148783428E+05
0.256000000000140E-06 0.385440000000209E+03  0.631226068802842E+05  0.757006137084971E+05
0.258000000000142E-06 0.388420000000212E+03  0.465577082572996E+05  0.727997512122553E+05
0.260000000000145E-06 0.391400000000215E+03  0.604133396204879E+05  0.763973599465536E+05
0.262000000000147E-06 0.394380000000219E+03  0.569415443223895E+05  0.796908782617926E+05
0.264000000000149E-06 0.397360000000222E+03  0.579130071841703E+05  0.801662040549594E+05
0.266000000000151E-06 0.400340000000226E+03  0.586738042515875E+05  0.709611034879960E+05
0.268000000000154E-06 0.403320000000229E+03  0.637144116254899E+05  0.775910141143648E+05
0.270000000000156E-06 0.406300000000232E+03  0.485541671598671E+05  0.816617897442147E+05
0.272000000000158E-06 0.409280000000236E+03  0.492570735897331E+05  0.773536498011051E+05
0.274000000000160E-06 0.412260000000239E+03  0.457364644891454E+05  0.683247204967756E+05
0.276000000000163E-06 0.415240000000243E+03  0.474911643355994E+05  0.689145182983494E+05
0.278000000000165E-06 0.418220000000246E+03  0.529530696059898E+05  0.618224559596776E+05
0.280000000000167E-06 0.421200000000249E+03  0.557173176054360E+05  0.610309397297957E+05
0.282000000000170E-06 0.424180000000253E+03  0.620754639853111E+05  0.688627036675028E+05
0.284000000000172E-06 0.427160000000256E+03  0.568211436853904E+05  0.626762436463627E+05
0.286000000000174E-06 0.430140000000259E+03  0.571765983607837E+05  0.694930765692255E+05
0.288000000000176E-06 0.433120000000263E+03  0.688489935565177E+05  0.579894198899601E+05
0.290000000000179E-06 0.436100000000266E+03  0.653436143384104E+05  0.670208216527567E+05
0.292000000000181E-06 0.439080000000269E+03  0.609430826065427E+05  0.569403491158531E+05
0.294000000000183E-06 0.442060000000273E+03  0.531507938678726E+05  0.506290831795633E+05
0.296000000000185E-06 0.445040000000276E+03  0.452389407587786E+05  0.537546073562392E+05
0.298000000000188E-06 0.448020000000280E+03  0.536017153302842E+05  0.573295098558693E+05
0.300000000000190E-06 0.451000000000283E+03  0.542627659572861E+05  0.484948803224500E+05
0.302000000000192E-06 0.453980000000286E+03  0.489696533200699E+05  0.395035387560635E+05
0.304000000000194E-06 0.456960000000290E+03  0.409052623799936E+05  0.472393578002012E+05
0.306000000000197E-06 0.459940000000293E+03  0.456289097383352E+05  0.540851520419954E+05
0.308000000000199E-06 0.462920000000297E+03  0.452066127477321E+05  0.508144573261113E+05
0.310000000000201E-06 0.465900000000300E+03  0.457439110981683E+05  0.616677879610977E+05
0.312000000000204E-06 0.468880000000303E+03  0.397790022899270E+05  0.591567914866588E+05
0.314000000000206E-06 0.471860000000307E+03  0.402930708952004E+05  0.466696848142818E+05
0.316000000000208E-06 0.474840000000310E+03  0.440297250591333E+05  0.483676349467575E+05
0.318000000000210E-06 0.477820000000313E+03  0.396166728971961E+05  0.583760453163824E+05
0.320000000000213E-06 0.480800000000317E+03  0.358694178948862E+05  0.560808532653177E+05
0.322000000000215E-06 0.483780000000320E+03  0.372307473848898E+05  0.592186304148945E+05
0.324000000000217E-06 0.486760000000324E+03  0.346877843060181E+05  0.561633843432292E+05
0.326000000000219E-06 0.489740000000327E+03  0.375689006720086E+05  0.519842591109265E+05
0.328000000000222E-06 0.492720000000330E+03  0.310221695891774E+05  0.434466149570047E+05
0.330000000000224E-06 0.495700000000334E+03  0.178419759312022E+05  0.405281148278784E+05
0.332000000000226E-06 0.498680000000337E+03  0.356117537656590E+05  0.404641486786443E+05
0.334000000000228E-06 0.501660000000340E+03  0.405624736439768E+05  0.363411631918389E+05
0.336000000000231E-06 0.504640000000344E+03  0.453529346347581E+05  0.336649957972175E+05
0.338000000000233E-06 0.507620000000347E+03  0.516901180092854E+05  0.332013339099666E+05
0.340000000000235E-06 0.510600000000351E+03  0.419295458845882E+05  0.479683339820196E+05
0.342000000000238E-06 0.513580000000354E+03  0.447018428559357E+05  0.269493821312322E+05
0.344000000000240E-06 0.516560000000357E+03  0.386264129926852E+05  0.424190988174793E+05
0.346000000000242E-06 0.519540000000361E+03  0.538575911820450E+05  0.379849239245636E+05
0.348000000000244E-06 0.522520000000364E+03  0.521547357846349E+05  0.401655618635127E+05
0.350000000000247E-06 0.525500000000368E+03  0.376235360558306E+05  0.388536122208686E+05
0.352000000000249E-06 0.528480000000371E+03  0.339394108840895E+05  0.425135541859469E+05
0.354000000000251E-06 0.531460000000374E+03  0.307178940622920E+05  0.316362757962490E+05
0.356000000000253E-06 0.534440000000378E+03  0.358425610908010E+05  0.323729950784681E+05
0.358000000000256E-06 0.537420000000381E+03  0.303700934038442E+05  0.270678247221916E+05
0.360000000000258E-06 0.540400000000384E+03  0.422349620425779E+05  0.398654473219199E+05
0.362000000000260E-06 0.543380000000388E+03  0.395904083685589E+05  0.422292550125108E+05
0.364000000000263E-06 0.546360000000391E+03  0.433348578486687E+05  0.398415099187578E+05
0.366000000000265E-06 0.549340000000395E+03  0.428188760840437E+05  0.501697462748574E+05
0.368000000000267E-06 0.552320000000398E+03  0.368824422765290E+05  0.586909343476487E+05
0.370000000000269E-06 0.555300000000401E+03  0.621099843580777E+05  0.567061249290083E+05
0.372000000000272E-06 0.558280000000405E+03  0.369267494000957E+05  0.398130619665812E+05
0.374000000000274E-06 0.561260000000408E+03  0.470039981442410E+05  0.352970727231095E+05
0.376000000000276E-06 0.564240000000411E+03  0.291042801380445E+05  0.369034410182783E+05
0.378000000000278E-06 0.567220000000415E+03  0.429513687789423E+05  0.383796430641699E+05
0.380000000000281E-06 0.570200000000418E+03  0.400189320349567E+05  0.373005714457334E+05
0.382000000000283E-06 0.573180000000422E+03  0.435561165091076E+05  0.347057244496320E+05
0.384000000000285E-06 0.576160000000425E+03  0.436320130505042E+05  0.424453954864961E+05
0.386000000000287E-06 0.579140000000428E+03  0.377352378963259E+05  0.318261176741560E+05
0.388000000000290E-06 0.582120000000432E+03  0.333790047735035E+05  0.371289184276977E+05
0.390000000000292E-06 0.585100000000435E+03  0.307755595790047E+05  0.380393621831606E+05
0.392000000000294E-06 0.588080000000439E+03  0.341360635787091E+05  0.453168204001740E+05
0.394000000000297E-06 0.591060000000442E+03  0.323456125744592E+05  0.377700389898287E+05
0.396000000000299E-06 0.594040000000445E+03  0.292956809565064E+05  0.360199162021475E+05
0.398000000000301E-06 0.597020000000449E+03  0.344714985683675E+05  0.360305437173870E+05
0.400000000000303E-06 0.600000000000452E+03  0.210664294186036E+05  0.355673434311105E+05
