#                t(s)                  T(K)             M_ZFC(A/m)              M_FC(A/m)
0.200000000000000E-08 0.698000000000000E+01  0.145352947181562E+05  0.282512942637890E+06
0.400000000000002E-08 0.996000000000003E+01  0.158560006245916E+05  0.281900813577118E+06
0.599999999999997E-08 0.129400000000000E+02  0.149859445640535E+05  0.282333993071471E+06
0.799999999999992E-08 0.159199999999999E+02  0.153388436918187E+05  0.281258400573650E+06
0.999999999999988E-08 0.188999999999998E+02  0.156994121925990E+05  0.281777352938109E+06
0.119999999999998E-07 0.218799999999997E+02  0.147972797934526E+05  0.282315349821592E+06
0.139999999999998E-07 0.248599999999997E+02  0.151226646260111E+05  0.281396483200260E+06
0.159999999999999E-07 0.278399999999999E+02  0.170991283225626E+05  0.279475654870178E+06
0.180000000000002E-07 0.308200000000003E+02  0.154950681824379E+05  0.280355399846260E+06
0.200000000000005E-07 0.338000000000007E+02  0.150459547620628E+05  0.281009131186974E+06
0.220000000000008E-07 0.367800000000011E+02  0.157701328897940E+05  0.281601774329281E+06
0.240000000000010E-07 0.397600000000016E+02  0.156580475039917E+05  0.280140305457017E+06
0.260000000000013E-07 0.427400000000020E+02  0.153990422405643E+05  0.280463482142538E+06
0.280000000000016E-07 0.457200000000024E+02  0.139569038306965E+05  0.281182311384553E+06
0.300000000000018E-07 0.487000000000027E+02  0.148110975158282E+05  0.280957512229739E+06
0.320000000000014E-07 0.516800000000022E+02  0.128679291507401E+05  0.279606775424928E+06
0.340000000000011E-07 0.546600000000016E+02  0.143630294193295E+05  0.279167668796326E+06
0.360000000000007E-07 0.576400000000010E+02  0.153491440051498E+05  0.276711127012783E+06
0.380000000000003E-07 0.606200000000005E+02  0.146792933544358E+05  0.278369537380725E+06
0.399999999999999E-07 0.635999999999999E+02  0.157212848088520E+05  0.278883448143637E+06
0.419999999999995E-07 0.665799999999993E+02  0.145448545103054E+05  0.279143177786229E+06
0.439999999999992E-07 0.695599999999988E+02  0.176136917925817E+05  0.279418670592663E+06
0.459999999999988E-07 0.725399999999982E+02  0.148164199473199E+05  0.276200643219955E+06
0.479999999999984E-07 0.755199999999976E+02  0.140604135276157E+05  0.276374752159657E+06
0.499999999999980E-07 0.784999999999971E+02  0.167473868708553E+05  0.277521340989997E+06
0.519999999999977E-07 0.814799999999965E+02  0.154783669047879E+05  0.275957932163957E+06
0.539999999999973E-07 0.844599999999959E+02  0.160597800783379E+05  0.275084104485261E+06
0.559999999999969E-07 0.874399999999954E+02  0.152681084572425E+05  0.275919802734358E+06
0.579999999999965E-07 0.904199999999948E+02  0.142792658918783E+05  0.273867124984657E+06
0.599999999999961E-07 0.933999999999943E+02  0.172421430634532E+05  0.277633851241328E+06
0.619999999999958E-07 0.963799999999937E+02  0.150726439687277E+05  0.278386709564813E+06
0.639999999999954E-07 0.993599999999931E+02  0.194781836762054E+05  0.275289458316080E+06
0.659999999999950E-07 0.102339999999993E+03  0.144420304428468E+05  0.275199888451010E+06
0.679999999999946E-07 0.105319999999992E+03  0.146355453494376E+05  0.274345027548578E+06
0.699999999999942E-07 0.108299999999991E+03  0.133908496709390E+05  0.276284680108279E+06
0.719999999999939E-07 0.111279999999991E+03  0.108725842003185E+05  0.274191966968485E+06
0.739999999999935E-07 0.114259999999990E+03  0.113923100248156E+05  0.272372559489138E+06
0.759999999999931E-07 0.117239999999990E+03  0.133653928485427E+05  0.272310680829983E+06
0.779999999999927E-07 0.120219999999989E+03  0.133385064913997E+05  0.273559163755855E+06
0.799999999999924E-07 0.123199999999989E+03  0.181462455130672E+05  0.271214354354337E+06
0.819999999999920E-07 0.126179999999988E+03  0.167579132032373E+05  0.271400560330898E+06
0.839999999999916E-07 0.129159999999987E+03  0.164428174563112E+05  0.271558747975086E+06
0.859999999999912E-07 0.132139999999987E+03  0.144754532216286E+05  0.271229553942732E+06
0.879999999999908E-07 0.135119999999986E+03  0.192562042375677E+05  0.275219839062456E+06
0.899999999999905E-07 0.138099999999986E+03  0.171335120121574E+05  0.277293579645387E+06
0.919999999999901E-07 0.141079999999985E+03  0.145877539691306E+05  0.272237482239090E+06
0.939999999999897E-07 0.144059999999985E+03  0.127666081378945E+05  0.271019374805036E+06
0.959999999999893E-07 0.147039999999984E+03  0.144462679653701E+05  0.270173665802399E+06
0.979999999999889E-07 0.150019999999984E+03  0.149135902903762E+05  0.272103286692541E+06
0.999999999999886E-07 0.152999999999983E+03  0.168625071187900E+05  0.269052735743878E+06
0.101999999999988E-06 0.155979999999982E+03  0.161894349227563E+05  0.268886203880895E+06
0.103999999999988E-06 0.158959999999982E+03  0.183946909810776E+05  0.265639146231312E+06
0.105999999999987E-06 0.161939999999981E+03  0.142995058436976E+05  0.265605769227300E+06
0.107999999999987E-06 0.164919999999981E+03  0.154506831421736E+05  0.267339332216394E+06
0.109999999999987E-06 0.167899999999980E+03  0.197452248024630E+05  0.262675963216247E+06
0.111999999999986E-06 0.170879999999980E+03  0.107561886268359E+05  0.270253546361799E+06
0.113999999999986E-06 0.173859999999979E+03  0.217652428332405E+05  0.264890868031438E+06
0.115999999999986E-06 0.176839999999978E+03  0.115802478274378E+05  0.263124346233035E+06
0.117999999999985E-06 0.179819999999978E+03  0.174631990554282E+05  0.266397915668303E+06
0.119999999999986E-06 0.182799999999979E+03  0.177763221707335E+05  0.267127342638108E+06
0.121999999999988E-06 0.185779999999982E+03  0.185385619177744E+05  0.262351083397296E+06
0.123999999999990E-06 0.188759999999986E+03  0.167995818039376E+05  0.265333323596646E+06
0.125999999999993E-06 0.191739999999989E+03  0.191936141132907E+05  0.258757964032902E+06
0.127999999999995E-06 0.194719999999992E+03  0.225808374627525E+05  0.263427988606451E+06
0.129999999999997E-06 0.197699999999996E+03  0.206232982479729E+05  0.263920451477373E+06
0.131999999999999E-06 0.200679999999999E+03  0.196637751513814E+05  0.258237560949033E+06
0.134000000000002E-06 0.203660000000003E+03  0.213846876020414E+05  0.261305044554747E+06
0.136000000000004E-06 0.206640000000006E+03  0.198996555020334E+05  0.260449768161081E+06
0.138000000000006E-06 0.209620000000009E+03  0.184494893884017E+05  0.257099911697785E+06
0.140000000000009E-06 0.212600000000013E+03  0.188462609180806E+05  0.256383695770593E+06
0.142000000000011E-06 0.215580000000016E+03  0.226821799688539E+05  0.258912480891627E+06
0.144000000000013E-06 0.218560000000019E+03  0.168769128209329E+05  0.256824022043352E+06
0.146000000000015E-06 0.221540000000023E+03  0.124777013249401E+05  0.254523791921254E+06
0.148000000000018E-06 0.224520000000026E+03  0.172540324935174E+05  0.251769391383999E+06
0.150000000000020E-06 0.227500000000030E+03  0.226754425567126E+05  0.250813386896719E+06
0.152000000000022E-06 0.230480000000033E+03  0.233069173593819E+05  0.248548836986523E+06
0.154000000000024E-06 0.233460000000036E+03  0.178359241741466E+05  0.244905171684333E+06
0.156000000000027E-06 0.236440000000040E+03  0.191069415328455E+05  0.241540184587190E+06
0.158000000000029E-06 0.239420000000043E+03  0.189936894622166E+05  0.239036402506391E+06
0.160000000000031E-06 0.242400000000046E+03  0.237564534969342E+05  0.241328163409161E+06
0.162000000000033E-06 0.245380000000050E+03  0.214301044086722E+05  0.239926589159650E+06
0.164000000000036E-06 0.248360000000053E+03  0.208358663902610E+05  0.239410771562011E+06
0.166000000000038E-06 0.251340000000057E+03  0.202754663779018E+05  0.228487637877008E+06
0.168000000000040E-06 0.254320000000060E+03  0.207827674147464E+05  0.235477121860639E+06
0.170000000000043E-06 0.257300000000063E+03  0.176820280596392E+05  0.234654353901941E+06
0.172000000000045E-06 0.260280000000067E+03  0.225542380612286E+05  0.233692353195431E+06
0.174000000000047E-06 0.263260000000070E+03  0.221368545908270E+05  0.220590896534961E+06
0.176000000000049E-06 0.266240000000074E+03  0.222293394564686E+05  0.220491687990374E+06
0.178000000000052E-06 0.269220000000077E+03  0.188994368575569E+05  0.220911821613066E+06
0.180000000000054E-06 0.272200000000080E+03  0.257142411857974E+05  0.211489002837200E+06
0.182000000000056E-06 0.275180000000084E+03  0.300359207812867E+05  0.217481125845430E+06
0.184000000000058E-06 0.278160000000087E+03  0.249567845205100E+05  0.210535608640861E+06
0.186000000000061E-06 0.281140000000090E+03  0.321121705376278E+05  0.201973362334741E+06
0.188000000000063E-06 0.284120000000094E+03  0.326630642595852E+05  0.209495336730722E+06
0.190000000000065E-06 0.287100000000097E+03  0.496398618767856E+05  0.202863902261289E+06
0.192000000000067E-06 0.290080000000101E+03  0.427241972176228E+05  0.194301695626004E+06
0.194000000000070E-06 0.293060000000104E+03  0.411983795992277E+05  0.185632109349285E+06
0.196000000000072E-06 0.296040000000107E+03  0.400987063209705E+05  0.181726360619059E+06
0.198000000000074E-06 0.299020000000111E+03  0.378365759528886E+05  0.183064444855182E+06
0.200000000000077E-06 0.302000000000114E+03  0.370168076305780E+05  0.166057821508414E+06
0.202000000000079E-06 0.304980000000117E+03  0.341764687192441E+05  0.171141656582244E+06
0.204000000000081E-06 0.307960000000121E+03  0.330761156239681E+05  0.164006710373896E+06
0.206000000000083E-06 0.310940000000124E+03  0.252482470087102E+05  0.162345189441177E+06
0.208000000000086E-06 0.313920000000128E+03  0.331064119706965E+05  0.158752269299657E+06
0.210000000000088E-06 0.316900000000131E+03  0.327242540748687E+05  0.144915365454948E+06
0.212000000000090E-06 0.319880000000134E+03  0.293046654735925E+05  0.145444331369866E+06
0.214000000000092E-06 0.322860000000138E+03  0.352282261343535E+05  0.138769719388938E+06
0.216000000000095E-06 0.325840000000141E+03  0.432086799864691E+05  0.124159603207372E+06
0.218000000000097E-06 0.328820000000144E+03  0.469075347817313E+05  0.123446977427213E+06
0.220000000000099E-06 0.331800000000148E+03  0.429034806219208E+05  0.123486315522699E+06
0.222000000000101E-06 0.334780000000151E+03  0.485445400110136E+05  0.117455235624858E+06
0.224000000000104E-06 0.337760000000155E+03  0.501719593483519E+05  0.123929686210998E+06
0.226000000000106E-06 0.340740000000158E+03  0.462579736014553E+05  0.119179830745673E+06
0.228000000000108E-06 0.343720000000161E+03  0.501957192335996E+05  0.119409516573340E+06
0.230000000000111E-06 0.346700000000165E+03  0.475353524060427E+05  0.122146059907729E+06
0.232000000000113E-06 0.349680000000168E+03  0.450820658927977E+05  0.111801011557055E+06
0.234000000000115E-06 0.352660000000171E+03  0.602077420441620E+05  0.107528538465887E+06
0.236000000000117E-06 0.355640000000175E+03  0.517466365930473E+05  0.103434613855449E+06
0.238000000000120E-06 0.358620000000178E+03  0.463061006373287E+05  0.977551632991631E+05
0.240000000000122E-06 0.361600000000182E+03  0.545603943609990E+05  0.932733499459128E+05
0.242000000000124E-06 0.364580000000185E+03  0.547790879990034E+05  0.102080341131242E+06
0.244000000000126E-06 0.367560000000188E+03  0.518576362387126E+05  0.957128855037473E+05
0.246000000000129E-06 0.370540000000192E+03  0.452432646363587E+05  0.847173602469365E+05
0.248000000000131E-06 0.373520000000195E+03  0.531562094939098E+05  0.866350673984754E+05
0.250000000000133E-06 0.376500000000198E+03  0.454611374741401E+05  0.864371135953660E+05
0.252000000000136E-06 0.379480000000202E+03  0.519235677552819E+05  0.882910891056481E+05
0.254000000000138E-06 0.382460000000205E+03  0.516681245469782E+05  0.869320333206325E+05
0.256000000000140E-06 0.385440000000209E+03  0.548250836244624E+05  0.918987989774500E+05
0.258000000000142E-06 0.388420000000212E+03  0.510041621146814E+05  0.856389439950342E+05
0.260000000000145E-06 0.391400000000215E+03  0.591171801643053E+05  0.845831166652444E+05
0.262000000000147E-06 0.394380000000219E+03  0.465521512495897E+05  0.847580331770327E+05
0.264000000000149E-06 0.397360000000222E+03  0.454756569096137E+05  0.780825610156800E+05
0.266000000000151E-06 0.400340000000226E+03  0.447073411370752E+05  0.741577574827158E+05
0.268000000000154E-06 0.403320000000229E+03  0.427712270475308E+05  0.687903254687786E+05
0.270000000000156E-06 0.406300000000232E+03  0.474451814772128E+05  0.600524091931938E+05
0.272000000000158E-06 0.409280000000236E+03  0.342154878917381E+05  0.508766483553058E+05
0.274000000000160E-06 0.412260000000239E+03  0.256941558995527E+05  0.527032265448672E+05
0.276000000000163E-06 0.415240000000243E+03  0.329214978980040E+05  0.567291449140811E+05
0.278000000000165E-06 0.418220000000246E+03  0.478680858372578E+05  0.576023236107026E+05
0.280000000000167E-06 0.421200000000249E+03  0.474353231499873E+05  0.562492785498142E+05
0.282000000000170E-06 0.424180000000253E+03  0.537794063790519E+05  0.638256754490325E+05
0.284000000000172E-06 0.427160000000256E+03  0.416246946633676E+05  0.721326397765596E+05
0.286000000000174E-06 0.430140000000259E+03  0.409329644758470E+05  0.718903984756519E+05
0.288000000000176E-06 0.433120000000263E+03  0.332866182766414E+05  0.714151943756305E+05
0.290000000000179E-06 0.436100000000266E+03  0.438308110079926E+05  0.669727896551210E+05
0.292000000000181E-06 0.439080000000269E+03  0.294600429188424E+05  0.640158515578179E+05
0.294000000000183E-06 0.442060000000273E+03  0.367395181656297E+05  0.569128833064462E+05
0.296000000000185E-06 0.445040000000276E+03  0.327536170087552E+05  0.603298954951388E+05
0.298000000000188E-06 0.448020000000280E+03  0.454349978404267E+05  0.553547546449577E+05
0.300000000000190E-06 0.451000000000283E+03  0.567518815581497E+05  0.593880287905840E+05
0.302000000000192E-06 0.453980000000286E+03  0.561195240274904E+05  0.514549753855257E+05
0.304000000000194E-06 0.456960000000290E+03  0.558884037165375E+05  0.526910095552102E+05
0.306000000000197E-06 0.459940000000293E+03  0.457853787360486E+05  0.595578024983557E+05
0.308000000000199E-06 0.462920000000297E+03  0.534909859633172E+05  0.509079015498292E+05
0.310000000000201E-06 0.465900000000300E+03  0.478943444662294E+05  0.561099908047872E+05
0.312000000000204E-06 0.468880000000303E+03  0.513102171446443E+05  0.523605080119308E+05
0.314000000000206E-06 0.471860000000307E+03  0.531227899574258E+05  0.560752897664676E+05
0.316000000000208E-06 0.474840000000310E+03  0.497969536281681E+05  0.488837636511114E+05
0.318000000000210E-06 0.477820000000313E+03  0.532914041469964E+05  0.524117433248151E+05
0.320000000000213E-06 0.480800000000317E+03  0.530150312754581E+05  0.472837005101174E+05
0.322000000000215E-06 0.483780000000320E+03  0.509058532197926E+05  0.491180002116961E+05
0.324000000000217E-06 0.486760000000324E+03  0.507108182640761E+05  0.508210360024665E+05
0.326000000000219E-06 0.489740000000327E+03  0.436542418033198E+05  0.483977563568039E+05
0.328000000000222E-06 0.492720000000330E+03  0.385745180229391E+05  0.509977916010933E+05
0.330000000000224E-06 0.495700000000334E+03  0.339066415775016E+05  0.553224065410637E+05
0.332000000000226E-06 0.498680000000337E+03  0.442089567690301E+05  0.426870486943606E+05
0.334000000000228E-06 0.501660000000340E+03  0.503318629465777E+05  0.543517663143739E+05
0.336000000000231E-06 0.504640000000344E+03  0.542228503592104E+05  0.553739333654923E+05
0.338000000000233E-06 0.507620000000347E+03  0.463066716503655E+05  0.534875769862209E+05
0.340000000000235E-06 0.510600000000351E+03  0.457122704487868E+05  0.369054534999903E+05
0.342000000000238E-06 0.513580000000354E+03  0.573984976438042E+05  0.409129721048277E+05
0.344000000000240E-06 0.516560000000357E+03  0.477076112208770E+05  0.275217475197319E+05
0.346000000000242E-06 0.519540000000361E+03  0.440660395569547E+05  0.373502894035064E+05
0.348000000000244E-06 0.522520000000364E+03  0.517963541646453E+05  0.318010780066456E+05
0.350000000000247E-06 0.525500000000368E+03  0.444664021469463E+05  0.402279529296438E+05
0.352000000000249E-06 0.528480000000371E+03  0.434266889161540E+05  0.386355383310658E+05
0.354000000000251E-06 0.531460000000374E+03  0.449416502523295E+05  0.480532332577144E+05
0.356000000000253E-06 0.534440000000378E+03  0.462357815293919E+05  0.423740216428735E+05
0.358000000000256E-06 0.537420000000381E+03  0.415353532050023E+05  0.360951427310964E+05
0.360000000000258E-06 0.540400000000384E+03  0.452633818684311E+05  0.401934747497298E+05
0.362000000000260E-06 0.543380000000388E+03  0.368041184612687E+05  0.426320388015649E+05
0.364000000000263E-06 0.546360000000391E+03  0.418344245802684E+05  0.501583044768953E+05
0.366000000000265E-06 0.549340000000395E+03  0.397187760096408E+05  0.480347606472236E+05
0.368000000000267E-06 0.552320000000398E+03  0.416986281409523E+05  0.550244411321185E+05
0.370000000000269E-06 0.555300000000401E+03  0.513529858118957E+05  0.407743352346398E+05
0.372000000000272E-06 0.558280000000405E+03  0.378663983413817E+05  0.396880787417257E+05
0.374000000000274E-06 0.561260000000408E+03  0.348932715204665E+05  0.458918072545109E+05
0.376000000000276E-06 0.564240000000411E+03  0.459030251778688E+05  0.407311763510438E+05
0.378000000000278E-06 0.567220000000415E+03  0.292527639183000E+05  0.515192417399303E+05
0.380000000000281E-06 0.570200000000418E+03  0.285227436162613E+05  0.485276904089763E+05
0.382000000000283E-06 0.573180000000422E+03  0.281360725870488E+05  0.416736906853346E+05
0.384000000000285E-06 0.576160000000425E+03  0.452680373615245E+05  0.428273761856260E+05
0.386000000000287E-06 0.579140000000428E+03  0.527515541066679E+05  0.472393456175124E+05
0.388000000000290E-06 0.582120000000432E+03  0.374047833309441E+05  0.439807921997885E+05
0.390000000000292E-06 0.585100000000435E+03  0.268156000182732E+05  0.382001927670720E+05
0.392000000000294E-06 0.588080000000439E+03  0.329640336981613E+05  0.458869709078046E+05
0.394000000000297E-06 0.591060000000442E+03  0.361705656647011E+05  0.462802045357446E+05
0.396000000000299E-06 0.594040000000445E+03  0.358302712465471E+05  0.253780479535184E+05
0.398000000000301E-06 0.597020000000449E+03  0.234221942002598E+05  0.347437288773599E+05
0.400000000000303E-06 0.600000000000452E+03  0.345606497708695E+05  0.383659117471573E+05
