#                t(s)                  T(K)             M_ZFC(A/m)              M_FC(A/m)
0.200000000000000E-08 0.698000000000000E+01  0.173820596171447E+05  0.288780550677842E+06
0.400000000000002E-08 0.996000000000003E+01  0.175201586776415E+05  0.288930639655109E+06
0.599999999999997E-08 0.129400000000000E+02  0.176607803146201E+05  0.288490170574358E+06
0.799999999999992E-08 0.159199999999999E+02  0.179017378666995E+05  0.288684606191838E+06
0.999999999999988E-08 0.188999999999998E+02  0.170893828272634E+05  0.289080606079229E+06
0.119999999999998E-07 0.218799999999997E+02  0.174588564950572E+05  0.286375575624272E+06
0.139999999999998E-07 0.248599999999997E+02  0.160236074264851E+05  0.287064187105392E+06
0.159999999999999E-07 0.278399999999999E+02  0.171067377608284E+05  0.285314447088892E+06
0.180000000000002E-07 0.308200000000003E+02  0.167849276824693E+05  0.286320416369303E+06
0.200000000000005E-07 0.338000000000007E+02  0.167694296798872E+05  0.286391954546388E+06
0.220000000000008E-07 0.367800000000011E+02  0.167756626990946E+05  0.286367339602884E+06
0.240000000000010E-07 0.397600000000016E+02  0.179820455206010E+05  0.284618936694143E+06
0.260000000000013E-07 0.427400000000020E+02  0.176367152116935E+05  0.286213027352676E+06
0.280000000000016E-07 0.457200000000024E+02  0.174672914600555E+05  0.286982696170050E+06
0.300000000000018E-07 0.487000000000027E+02  0.162255050134655E+05  0.287194392203165E+06
0.320000000000014E-07 0.516800000000022E+02  0.175931809426143E+05  0.283879701868476E+06
0.340000000000011E-07 0.546600000000016E+02  0.179300439446318E+05  0.286977359190302E+06
0.360000000000007E-07 0.576400000000010E+02  0.161770820871989E+05  0.284197472838258E+06
0.380000000000003E-07 0.606200000000005E+02  0.166384394815230E+05  0.284196342343874E+06
0.399999999999999E-07 0.635999999999999E+02  0.167049708735737E+05  0.285087263915341E+06
0.419999999999995E-07 0.665799999999993E+02  0.168504449260161E+05  0.282857507556977E+06
0.439999999999992E-07 0.695599999999988E+02  0.192178436747786E+05  0.284578433908064E+06
0.459999999999988E-07 0.725399999999982E+02  0.182724254599124E+05  0.283507198483453E+06
0.479999999999984E-07 0.755199999999976E+02  0.188904308523792E+05  0.283552677394522E+06
0.499999999999980E-07 0.784999999999971E+02  0.197045710399878E+05  0.282676644251353E+06
0.519999999999977E-07 0.814799999999965E+02  0.189946439100076E+05  0.282200731426795E+06
0.539999999999973E-07 0.844599999999959E+02  0.158030528421472E+05  0.282892916499847E+06
0.559999999999969E-07 0.874399999999954E+02  0.163851148562010E+05  0.280430211282053E+06
0.579999999999965E-07 0.904199999999948E+02  0.163028979981909E+05  0.281382285569641E+06
0.599999999999961E-07 0.933999999999943E+02  0.191167512705651E+05  0.281682541423205E+06
0.619999999999958E-07 0.963799999999937E+02  0.162343726574237E+05  0.281594586405809E+06
0.639999999999954E-07 0.993599999999931E+02  0.167089698080620E+05  0.281630699866548E+06
0.659999999999950E-07 0.102339999999993E+03  0.202675925915649E+05  0.282966274214341E+06
0.679999999999946E-07 0.105319999999992E+03  0.180249777149336E+05  0.281070022384101E+06
0.699999999999942E-07 0.108299999999991E+03  0.195353568556129E+05  0.279107378726914E+06
0.719999999999939E-07 0.111279999999991E+03  0.175523609537098E+05  0.283638486320289E+06
0.739999999999935E-07 0.114259999999990E+03  0.153115415781531E+05  0.277347245900994E+06
0.759999999999931E-07 0.117239999999990E+03  0.172036877031084E+05  0.281006207877177E+06
0.779999999999927E-07 0.120219999999989E+03  0.150274586256814E+05  0.282982648553404E+06
0.799999999999924E-07 0.123199999999989E+03  0.144796849178808E+05  0.281548888289382E+06
0.819999999999920E-07 0.126179999999988E+03  0.140045579388771E+05  0.277209105252907E+06
0.839999999999916E-07 0.129159999999987E+03  0.141029437923763E+05  0.279520892227036E+06
0.859999999999912E-07 0.132139999999987E+03  0.169824943677321E+05  0.275995129953576E+06
0.879999999999908E-07 0.135119999999986E+03  0.196081417405175E+05  0.276891177386654E+06
0.899999999999905E-07 0.138099999999986E+03  0.163784031142529E+05  0.278801577966045E+06
0.919999999999901E-07 0.141079999999985E+03  0.138829299478193E+05  0.275902107469283E+06
0.939999999999897E-07 0.144059999999985E+03  0.198295001795127E+05  0.275816511201623E+06
0.959999999999893E-07 0.147039999999984E+03  0.253733406001822E+05  0.273119513019444E+06
0.979999999999889E-07 0.150019999999984E+03  0.204163080815630E+05  0.276965118526153E+06
0.999999999999886E-07 0.152999999999983E+03  0.180277464309050E+05  0.277132817787012E+06
0.101999999999988E-06 0.155979999999982E+03  0.189561295413130E+05  0.276114770392546E+06
0.103999999999988E-06 0.158959999999982E+03  0.136387483970596E+05  0.276482764089945E+06
0.105999999999987E-06 0.161939999999981E+03  0.205048645551129E+05  0.273212380454653E+06
0.107999999999987E-06 0.164919999999981E+03  0.197318773834669E+05  0.274664161832273E+06
0.109999999999987E-06 0.167899999999980E+03  0.213345729369041E+05  0.275961592956143E+06
0.111999999999986E-06 0.170879999999980E+03  0.189585481246847E+05  0.277593097156165E+06
0.113999999999986E-06 0.173859999999979E+03  0.216884278349109E+05  0.275353247451013E+06
0.115999999999986E-06 0.176839999999978E+03  0.215894643827634E+05  0.270191479784167E+06
0.117999999999985E-06 0.179819999999978E+03  0.158043883064153E+05  0.273467585576741E+06
0.119999999999986E-06 0.182799999999979E+03  0.185964136754237E+05  0.267498742080273E+06
0.121999999999988E-06 0.185779999999982E+03  0.181149010496325E+05  0.271464879401620E+06
0.123999999999990E-06 0.188759999999986E+03  0.189616195998978E+05  0.273245410576668E+06
0.125999999999993E-06 0.191739999999989E+03  0.204802655991658E+05  0.271387539403389E+06
0.127999999999995E-06 0.194719999999992E+03  0.134328278675880E+05  0.266699412042050E+06
0.129999999999997E-06 0.197699999999996E+03  0.187316582121464E+05  0.264167935284414E+06
0.131999999999999E-06 0.200679999999999E+03  0.171510230176717E+05  0.260538592767032E+06
0.134000000000002E-06 0.203660000000003E+03  0.166062948985108E+05  0.262384435554280E+06
0.136000000000004E-06 0.206640000000006E+03  0.163893241890631E+05  0.262421040174909E+06
0.138000000000006E-06 0.209620000000009E+03  0.137838268769714E+05  0.258297094521596E+06
0.140000000000009E-06 0.212600000000013E+03  0.199403775674549E+05  0.265902432592344E+06
0.142000000000011E-06 0.215580000000016E+03  0.164272824312261E+05  0.257647362747348E+06
0.144000000000013E-06 0.218560000000019E+03  0.145512324154919E+05  0.258081653212284E+06
0.146000000000015E-06 0.221540000000023E+03  0.180842981888886E+05  0.257498182630091E+06
0.148000000000018E-06 0.224520000000026E+03  0.162627955370512E+05  0.257283870641211E+06
0.150000000000020E-06 0.227500000000030E+03  0.158047715634591E+05  0.254756624355304E+06
0.152000000000022E-06 0.230480000000033E+03  0.119358066103280E+05  0.257504730361865E+06
0.154000000000024E-06 0.233460000000036E+03  0.204508726823769E+05  0.250519298975226E+06
0.156000000000027E-06 0.236440000000040E+03  0.196279374087291E+05  0.250482406656895E+06
0.158000000000029E-06 0.239420000000043E+03  0.150319355581548E+05  0.246427977500538E+06
0.160000000000031E-06 0.242400000000046E+03  0.127234330697835E+05  0.240372439163195E+06
0.162000000000033E-06 0.245380000000050E+03  0.234085037657510E+05  0.244360527622285E+06
0.164000000000036E-06 0.248360000000053E+03  0.198359247920863E+05  0.236559594490138E+06
0.166000000000038E-06 0.251340000000057E+03  0.202621410671495E+05  0.234009619551585E+06
0.168000000000040E-06 0.254320000000060E+03  0.268560307060485E+05  0.231951616274060E+06
0.170000000000043E-06 0.257300000000063E+03  0.262452946017790E+05  0.229325260981859E+06
0.172000000000045E-06 0.260280000000067E+03  0.300295340463814E+05  0.228367268028841E+06
0.174000000000047E-06 0.263260000000070E+03  0.327452610222394E+05  0.223552933379424E+06
0.176000000000049E-06 0.266240000000074E+03  0.300507998794570E+05  0.218156934313490E+06
0.178000000000052E-06 0.269220000000077E+03  0.348208950307476E+05  0.213160149061928E+06
0.180000000000054E-06 0.272200000000080E+03  0.324129402765860E+05  0.214608455911493E+06
0.182000000000056E-06 0.275180000000084E+03  0.252976272198470E+05  0.211789988583787E+06
0.184000000000058E-06 0.278160000000087E+03  0.315493378696642E+05  0.206219717160287E+06
0.186000000000061E-06 0.281140000000090E+03  0.385274249739621E+05  0.202223856949932E+06
0.188000000000063E-06 0.284120000000094E+03  0.442630226599659E+05  0.197805665283388E+06
0.190000000000065E-06 0.287100000000097E+03  0.395795549269162E+05  0.192302684215121E+06
0.192000000000067E-06 0.290080000000101E+03  0.428159996289458E+05  0.188494018478307E+06
0.194000000000070E-06 0.293060000000104E+03  0.449499373650953E+05  0.192369764796484E+06
0.196000000000072E-06 0.296040000000107E+03  0.366840541146465E+05  0.184041209501106E+06
0.198000000000074E-06 0.299020000000111E+03  0.401963554055173E+05  0.183006697321913E+06
0.200000000000077E-06 0.302000000000114E+03  0.377393150688147E+05  0.177077210823108E+06
0.202000000000079E-06 0.304980000000117E+03  0.395927611308602E+05  0.175349920389322E+06
0.204000000000081E-06 0.307960000000121E+03  0.449434427353619E+05  0.168823449770886E+06
0.206000000000083E-06 0.310940000000124E+03  0.384697093422238E+05  0.173129986497280E+06
0.208000000000086E-06 0.313920000000128E+03  0.385933427261566E+05  0.164019058259861E+06
0.210000000000088E-06 0.316900000000131E+03  0.340277068227631E+05  0.158329929952836E+06
0.212000000000090E-06 0.319880000000134E+03  0.424697310693951E+05  0.151152580235683E+06
0.214000000000092E-06 0.322860000000138E+03  0.507647826901844E+05  0.155810464584507E+06
0.216000000000095E-06 0.325840000000141E+03  0.469831030914954E+05  0.151708200869939E+06
0.218000000000097E-06 0.328820000000144E+03  0.477644180674411E+05  0.146344974598316E+06
0.220000000000099E-06 0.331800000000148E+03  0.463177816759803E+05  0.133822092375797E+06
0.222000000000101E-06 0.334780000000151E+03  0.531591443052860E+05  0.120784338554471E+06
0.224000000000104E-06 0.337760000000155E+03  0.528369160808573E+05  0.117866273074671E+06
0.226000000000106E-06 0.340740000000158E+03  0.581523532392125E+05  0.112541610669336E+06
0.228000000000108E-06 0.343720000000161E+03  0.503928070396799E+05  0.111820997631558E+06
0.230000000000111E-06 0.346700000000165E+03  0.631421894109395E+05  0.979223194915260E+05
0.232000000000113E-06 0.349680000000168E+03  0.583464195188159E+05  0.983799919477199E+05
0.234000000000115E-06 0.352660000000171E+03  0.593047968126790E+05  0.971486643991489E+05
0.236000000000117E-06 0.355640000000175E+03  0.611222933337912E+05  0.969109159380241E+05
0.238000000000120E-06 0.358620000000178E+03  0.546682940988097E+05  0.930073510051521E+05
0.240000000000122E-06 0.361600000000182E+03  0.606260506176978E+05  0.879407073559127E+05
0.242000000000124E-06 0.364580000000185E+03  0.676716354223917E+05  0.795118028326584E+05
0.244000000000126E-06 0.367560000000188E+03  0.583055402004405E+05  0.732079527332550E+05
0.246000000000129E-06 0.370540000000192E+03  0.645782061035158E+05  0.783810088057676E+05
0.248000000000131E-06 0.373520000000195E+03  0.513650785250371E+05  0.775974226605981E+05
0.250000000000133E-06 0.376500000000198E+03  0.577990243977429E+05  0.761084262100676E+05
0.252000000000136E-06 0.379480000000202E+03  0.518037655148466E+05  0.693407937790131E+05
0.254000000000138E-06 0.382460000000205E+03  0.520829601531968E+05  0.745900224695117E+05
0.256000000000140E-06 0.385440000000209E+03  0.584182311644303E+05  0.707539688639074E+05
0.258000000000142E-06 0.388420000000212E+03  0.476411831027513E+05  0.694381001946576E+05
0.260000000000145E-06 0.391400000000215E+03  0.561091761101254E+05  0.642014039201641E+05
0.262000000000147E-06 0.394380000000219E+03  0.447201182666101E+05  0.571097618700860E+05
0.264000000000149E-06 0.397360000000222E+03  0.419673789642144E+05  0.689297260390826E+05
0.266000000000151E-06 0.400340000000226E+03  0.421398434546623E+05  0.678813519136991E+05
0.268000000000154E-06 0.403320000000229E+03  0.467347645203395E+05  0.692370350109986E+05
0.270000000000156E-06 0.406300000000232E+03  0.390986885085180E+05  0.680478626186131E+05
0.272000000000158E-06 0.409280000000236E+03  0.339591577274017E+05  0.596643312867142E+05
0.274000000000160E-06 0.412260000000239E+03  0.370844587609378E+05  0.632155421456584E+05
0.276000000000163E-06 0.415240000000243E+03  0.368618755481022E+05  0.590057075705101E+05
0.278000000000165E-06 0.418220000000246E+03  0.450795193075449E+05  0.561205166622913E+05
0.280000000000167E-06 0.421200000000249E+03  0.295159826893027E+05  0.630318193113740E+05
0.282000000000170E-06 0.424180000000253E+03  0.333290044503459E+05  0.663415886931328E+05
0.284000000000172E-06 0.427160000000256E+03  0.383658960376796E+05  0.560391196807187E+05
0.286000000000174E-06 0.430140000000259E+03  0.347674548276847E+05  0.571551326567675E+05
0.288000000000176E-06 0.433120000000263E+03  0.297065823564953E+05  0.577045275210976E+05
0.290000000000179E-06 0.436100000000266E+03  0.415581909420800E+05  0.607677702422856E+05
0.292000000000181E-06 0.439080000000269E+03  0.426099400899761E+05  0.576523316300933E+05
0.294000000000183E-06 0.442060000000273E+03  0.458938448717068E+05  0.474279876020617E+05
0.296000000000185E-06 0.445040000000276E+03  0.455352403910041E+05  0.512774846124028E+05
0.298000000000188E-06 0.448020000000280E+03  0.476071187222664E+05  0.451978864483807E+05
0.300000000000190E-06 0.451000000000283E+03  0.425629221980006E+05  0.523877495287154E+05
0.302000000000192E-06 0.453980000000286E+03  0.416415772176765E+05  0.392044498926455E+05
0.304000000000194E-06 0.456960000000290E+03  0.446819168329844E+05  0.520190254359329E+05
0.306000000000197E-06 0.459940000000293E+03  0.443611076559042E+05  0.508193366557650E+05
0.308000000000199E-06 0.462920000000297E+03  0.425511090948018E+05  0.573976784880408E+05
0.310000000000201E-06 0.465900000000300E+03  0.545823362778168E+05  0.420754508304968E+05
0.312000000000204E-06 0.468880000000303E+03  0.522763571683168E+05  0.403420774767266E+05
0.314000000000206E-06 0.471860000000307E+03  0.515886019500240E+05  0.474608553766381E+05
0.316000000000208E-06 0.474840000000310E+03  0.511091872702643E+05  0.565060500651425E+05
0.318000000000210E-06 0.477820000000313E+03  0.529300439187214E+05  0.463088034767952E+05
0.320000000000213E-06 0.480800000000317E+03  0.457893921704490E+05  0.542826639132225E+05
0.322000000000215E-06 0.483780000000320E+03  0.577423389190722E+05  0.412450463058489E+05
0.324000000000217E-06 0.486760000000324E+03  0.539925847454003E+05  0.429018656901754E+05
0.326000000000219E-06 0.489740000000327E+03  0.543030849216266E+05  0.434423228775102E+05
0.328000000000222E-06 0.492720000000330E+03  0.480114238651988E+05  0.537241973031965E+05
0.330000000000224E-06 0.495700000000334E+03  0.558806921481338E+05  0.621557696222092E+05
0.332000000000226E-06 0.498680000000337E+03  0.452742058186455E+05  0.411959076970228E+05
0.334000000000228E-06 0.501660000000340E+03  0.470932757529636E+05  0.497796033511566E+05
0.336000000000231E-06 0.504640000000344E+03  0.526032987195256E+05  0.437116895826404E+05
0.338000000000233E-06 0.507620000000347E+03  0.389185419249781E+05  0.527995171083838E+05
0.340000000000235E-06 0.510600000000351E+03  0.518922719709239E+05  0.675167444053676E+05
0.342000000000238E-06 0.513580000000354E+03  0.437517302480200E+05  0.523761142757366E+05
0.344000000000240E-06 0.516560000000357E+03  0.453963364635894E+05  0.459371447557239E+05
0.346000000000242E-06 0.519540000000361E+03  0.464585329021429E+05  0.367827122398648E+05
0.348000000000244E-06 0.522520000000364E+03  0.522637421913606E+05  0.586671530984453E+05
0.350000000000247E-06 0.525500000000368E+03  0.635431550928167E+05  0.526624211009407E+05
0.352000000000249E-06 0.528480000000371E+03  0.511387058948569E+05  0.534706499360843E+05
0.354000000000251E-06 0.531460000000374E+03  0.359702971504676E+05  0.575248324233719E+05
0.356000000000253E-06 0.534440000000378E+03  0.304490135029731E+05  0.429163590358637E+05
0.358000000000256E-06 0.537420000000381E+03  0.234040397760439E+05  0.381134434145608E+05
0.360000000000258E-06 0.540400000000384E+03  0.254812418141429E+05  0.381148270889195E+05
0.362000000000260E-06 0.543380000000388E+03  0.201358645844043E+05  0.441705266837026E+05
0.364000000000263E-06 0.546360000000391E+03  0.373136850776000E+05  0.446610284700864E+05
0.366000000000265E-06 0.549340000000395E+03  0.425894412499054E+05  0.375688735875046E+05
0.368000000000267E-06 0.552320000000398E+03  0.364910486302442E+05  0.328227040493651E+05
0.370000000000269E-06 0.555300000000401E+03  0.499350198413867E+05  0.331585585207576E+05
0.372000000000272E-06 0.558280000000405E+03  0.518793621615426E+05  0.303535086870104E+05
0.374000000000274E-06 0.561260000000408E+03  0.391289254714496E+05  0.362645535042183E+05
0.376000000000276E-06 0.564240000000411E+03  0.460228794093485E+05  0.365453194136052E+05
0.378000000000278E-06 0.567220000000415E+03  0.542369925263528E+05  0.410506149287092E+05
0.380000000000281E-06 0.570200000000418E+03  0.479636632254083E+05  0.322269182087600E+05
0.382000000000283E-06 0.573180000000422E+03  0.451622682289232E+05  0.229380227442167E+05
0.384000000000285E-06 0.576160000000425E+03  0.460792154242242E+05  0.244421823509891E+05
0.386000000000287E-06 0.579140000000428E+03  0.324868995450256E+05  0.224261331537435E+05
0.388000000000290E-06 0.582120000000432E+03  0.378437925106742E+05  0.266987729627856E+05
0.390000000000292E-06 0.585100000000435E+03  0.372266403146830E+05  0.208364454998553E+05
0.392000000000294E-06 0.588080000000439E+03  0.340278906837191E+05  0.199752342910443E+05
0.394000000000297E-06 0.591060000000442E+03  0.482763788479102E+05  0.441653031653042E+05
0.396000000000299E-06 0.594040000000445E+03  0.479486424458991E+05  0.498260773961496E+05
0.398000000000301E-06 0.597020000000449E+03  0.354274901012410E+05  0.390906346943108E+05
0.400000000000303E-06 0.600000000000452E+03  0.451609285129634E+05  0.270830433275354E+05
