#                t(s)                  T(K)             M_ZFC(A/m)              M_FC(A/m)
0.200000000000000E-08 0.698000000000000E+01  0.100440784599886E+05  0.299417857601558E+06
0.400000000000002E-08 0.996000000000003E+01  0.975960263768096E+04  0.300242169136542E+06
0.599999999999997E-08 0.129400000000000E+02  0.109588665244704E+05  0.299555507822880E+06
0.799999999999992E-08 0.159199999999999E+02  0.111600741479721E+05  0.299187354465188E+06
0.999999999999988E-08 0.188999999999998E+02  0.103040881709211E+05  0.298619745404602E+06
0.119999999999998E-07 0.218799999999997E+02  0.106090530906286E+05  0.299804778035261E+06
0.139999999999998E-07 0.248599999999997E+02  0.100272477311692E+05  0.298423679914461E+06
0.159999999999999E-07 0.278399999999999E+02  0.940535655084381E+04  0.298163923817314E+06
0.180000000000002E-07 0.308200000000003E+02  0.108531581998738E+05  0.298023782503214E+06
0.200000000000005E-07 0.338000000000007E+02  0.101082156421171E+05  0.297220253794593E+06
0.220000000000008E-07 0.367800000000011E+02  0.107737649411507E+05  0.299859288760288E+06
0.240000000000010E-07 0.397600000000016E+02  0.994834164352694E+04  0.297537646036597E+06
0.260000000000013E-07 0.427400000000020E+02  0.117604418563731E+05  0.296861268638954E+06
0.280000000000016E-07 0.457200000000024E+02  0.122035083131294E+05  0.295769173399658E+06
0.300000000000018E-07 0.487000000000027E+02  0.107114415097759E+05  0.296641461561385E+06
0.320000000000014E-07 0.516800000000022E+02  0.863990576512381E+04  0.296758263550644E+06
0.340000000000011E-07 0.546600000000016E+02  0.994434713064438E+04  0.295869861127754E+06
0.360000000000007E-07 0.576400000000010E+02  0.112269694444979E+05  0.297377386721190E+06
0.380000000000003E-07 0.606200000000005E+02  0.119135212211210E+05  0.295741581734659E+06
0.399999999999999E-07 0.635999999999999E+02  0.125188802514986E+05  0.295037567121725E+06
0.419999999999995E-07 0.665799999999993E+02  0.116852669259774E+05  0.295105624011348E+06
0.439999999999992E-07 0.695599999999988E+02  0.100892044230894E+05  0.295984039410296E+06
0.459999999999988E-07 0.725399999999982E+02  0.115071470227682E+05  0.292091420263674E+06
0.479999999999984E-07 0.755199999999976E+02  0.107299175055976E+05  0.294227372081898E+06
0.499999999999980E-07 0.784999999999971E+02  0.964349759140597E+04  0.294041793535395E+06
0.519999999999977E-07 0.814799999999965E+02  0.905102756429214E+04  0.295805522578281E+06
0.539999999999973E-07 0.844599999999959E+02  0.107400665954240E+05  0.295717253171776E+06
0.559999999999969E-07 0.874399999999954E+02  0.888396446114234E+04  0.295900551592469E+06
0.579999999999965E-07 0.904199999999948E+02  0.102673295262850E+05  0.294241619986774E+06
0.599999999999961E-07 0.933999999999943E+02  0.773195247214594E+04  0.293159520794683E+06
0.619999999999958E-07 0.963799999999937E+02  0.114876308932967E+05  0.289026862841785E+06
0.639999999999954E-07 0.993599999999931E+02  0.113336263797184E+05  0.293179742004110E+06
0.659999999999950E-07 0.102339999999993E+03  0.105933026214230E+05  0.292738040585457E+06
0.679999999999946E-07 0.105319999999992E+03  0.114457601803992E+05  0.293521323292140E+06
0.699999999999942E-07 0.108299999999991E+03  0.115135366753186E+05  0.289169731677319E+06
0.719999999999939E-07 0.111279999999991E+03  0.991494369293904E+04  0.289486794090245E+06
0.739999999999935E-07 0.114259999999990E+03  0.106275284175018E+05  0.285479627599973E+06
0.759999999999931E-07 0.117239999999990E+03  0.122612018548120E+05  0.291535590465638E+06
0.779999999999927E-07 0.120219999999989E+03  0.712404332292574E+04  0.292293794446421E+06
0.799999999999924E-07 0.123199999999989E+03  0.965416256490140E+04  0.290152462315054E+06
0.819999999999920E-07 0.126179999999988E+03  0.833895303666112E+04  0.288948426212328E+06
0.839999999999916E-07 0.129159999999987E+03  0.133877112109838E+05  0.290148183202380E+06
0.859999999999912E-07 0.132139999999987E+03  0.887837568072639E+04  0.289251822909257E+06
0.879999999999908E-07 0.135119999999986E+03  0.117319802356589E+05  0.287496851366989E+06
0.899999999999905E-07 0.138099999999986E+03  0.961301377542566E+04  0.291288675788884E+06
0.919999999999901E-07 0.141079999999985E+03  0.947884994078496E+04  0.286570575123934E+06
0.939999999999897E-07 0.144059999999985E+03  0.111335922257787E+05  0.289220614725870E+06
0.959999999999893E-07 0.147039999999984E+03  0.137870008166526E+05  0.284583781542661E+06
0.979999999999889E-07 0.150019999999984E+03  0.139374095918772E+05  0.288199597040505E+06
0.999999999999886E-07 0.152999999999983E+03  0.746770362317557E+04  0.289152542054793E+06
0.101999999999988E-06 0.155979999999982E+03  0.812454401204821E+04  0.283540204308066E+06
0.103999999999988E-06 0.158959999999982E+03  0.105897860214818E+05  0.284067489642297E+06
0.105999999999987E-06 0.161939999999981E+03  0.125847257815117E+05  0.286936932687945E+06
0.107999999999987E-06 0.164919999999981E+03  0.868794616873730E+04  0.284229358329832E+06
0.109999999999987E-06 0.167899999999980E+03  0.114475622942838E+05  0.286125709664065E+06
0.111999999999986E-06 0.170879999999980E+03  0.935324753995158E+04  0.286294758005420E+06
0.113999999999986E-06 0.173859999999979E+03  0.104546961634271E+05  0.284850255698034E+06
0.115999999999986E-06 0.176839999999978E+03  0.155831876759951E+05  0.285080213583537E+06
0.117999999999985E-06 0.179819999999978E+03  0.795586700355567E+04  0.287749325100326E+06
0.119999999999986E-06 0.182799999999979E+03  0.135464836574073E+05  0.286478194837858E+06
0.121999999999988E-06 0.185779999999982E+03  0.697572479630534E+04  0.281930931716053E+06
0.123999999999990E-06 0.188759999999986E+03  0.743091019375211E+04  0.283664453583474E+06
0.125999999999993E-06 0.191739999999989E+03  0.963108765177622E+04  0.280583173558891E+06
0.127999999999995E-06 0.194719999999992E+03  0.988210055133627E+04  0.280651309267586E+06
0.129999999999997E-06 0.197699999999996E+03  0.145655567897816E+05  0.282901065635896E+06
0.131999999999999E-06 0.200679999999999E+03  0.119830742977620E+05  0.279007050847540E+06
0.134000000000002E-06 0.203660000000003E+03  0.144267528924970E+05  0.277072643787766E+06
0.136000000000004E-06 0.206640000000006E+03  0.106413473310996E+05  0.277305329256532E+06
0.138000000000006E-06 0.209620000000009E+03  0.152885609775559E+05  0.280620052596664E+06
0.140000000000009E-06 0.212600000000013E+03  0.185526925602786E+05  0.278901053766419E+06
0.142000000000011E-06 0.215580000000016E+03  0.156969230743260E+05  0.275671056682537E+06
0.144000000000013E-06 0.218560000000019E+03  0.130770973614244E+05  0.272621625092130E+06
0.146000000000015E-06 0.221540000000023E+03  0.131829838429887E+05  0.272517596786373E+06
0.148000000000018E-06 0.224520000000026E+03  0.158149926966386E+05  0.270185746262444E+06
0.150000000000020E-06 0.227500000000030E+03  0.162505681380874E+05  0.267825000099847E+06
0.152000000000022E-06 0.230480000000033E+03  0.158375525086437E+05  0.266869179846396E+06
0.154000000000024E-06 0.233460000000036E+03  0.203945354339568E+05  0.261385308669350E+06
0.156000000000027E-06 0.236440000000040E+03  0.147136575082493E+05  0.266520006020631E+06
0.158000000000029E-06 0.239420000000043E+03  0.189400102472585E+05  0.273885650644891E+06
0.160000000000031E-06 0.242400000000046E+03  0.236548630384469E+05  0.267354840733432E+06
0.162000000000033E-06 0.245380000000050E+03  0.219409557127127E+05  0.263533310740211E+06
0.164000000000036E-06 0.248360000000053E+03  0.288127570967197E+05  0.253986169217969E+06
0.166000000000038E-06 0.251340000000057E+03  0.276248816727254E+05  0.254444584009400E+06
0.168000000000040E-06 0.254320000000060E+03  0.315216168218070E+05  0.251099838679244E+06
0.170000000000043E-06 0.257300000000063E+03  0.236849999269891E+05  0.256466095522694E+06
0.172000000000045E-06 0.260280000000067E+03  0.322399260566074E+05  0.248338108097423E+06
0.174000000000047E-06 0.263260000000070E+03  0.325624995711329E+05  0.243883945460408E+06
0.176000000000049E-06 0.266240000000074E+03  0.328134135015618E+05  0.232801939123404E+06
0.178000000000052E-06 0.269220000000077E+03  0.390743521192891E+05  0.242107482547321E+06
0.180000000000054E-06 0.272200000000080E+03  0.362425094504042E+05  0.236635631068198E+06
0.182000000000056E-06 0.275180000000084E+03  0.324586907914302E+05  0.229570853932039E+06
0.184000000000058E-06 0.278160000000087E+03  0.324113809717396E+05  0.217273343999023E+06
0.186000000000061E-06 0.281140000000090E+03  0.320521345688261E+05  0.213817399709063E+06
0.188000000000063E-06 0.284120000000094E+03  0.307989684044798E+05  0.213487949385924E+06
0.190000000000065E-06 0.287100000000097E+03  0.357216530754686E+05  0.207360941106731E+06
0.192000000000067E-06 0.290080000000101E+03  0.450757074061217E+05  0.197625612204166E+06
0.194000000000070E-06 0.293060000000104E+03  0.417627870368871E+05  0.198238017537319E+06
0.196000000000072E-06 0.296040000000107E+03  0.400482451300727E+05  0.180708475268771E+06
0.198000000000074E-06 0.299020000000111E+03  0.466246474657714E+05  0.187311497688421E+06
0.200000000000077E-06 0.302000000000114E+03  0.430069825384730E+05  0.172856246764150E+06
0.202000000000079E-06 0.304980000000117E+03  0.480781958050881E+05  0.177360302497808E+06
0.204000000000081E-06 0.307960000000121E+03  0.483066440945304E+05  0.174665046150853E+06
0.206000000000083E-06 0.310940000000124E+03  0.521019554502922E+05  0.167388353184956E+06
0.208000000000086E-06 0.313920000000128E+03  0.492479223341449E+05  0.174276093881286E+06
0.210000000000088E-06 0.316900000000131E+03  0.531510104233259E+05  0.164396212741323E+06
0.212000000000090E-06 0.319880000000134E+03  0.506459517192015E+05  0.152317859767138E+06
0.214000000000092E-06 0.322860000000138E+03  0.522602424343388E+05  0.162026561627038E+06
0.216000000000095E-06 0.325840000000141E+03  0.512727915848143E+05  0.158732845517502E+06
0.218000000000097E-06 0.328820000000144E+03  0.645154101870041E+05  0.154826894056784E+06
0.220000000000099E-06 0.331800000000148E+03  0.551028444135449E+05  0.157109494494354E+06
0.222000000000101E-06 0.334780000000151E+03  0.552443462394208E+05  0.139498233923062E+06
0.224000000000104E-06 0.337760000000155E+03  0.573024438426364E+05  0.143949259186768E+06
0.226000000000106E-06 0.340740000000158E+03  0.497224997974945E+05  0.135572112376930E+06
0.228000000000108E-06 0.343720000000161E+03  0.583566833410035E+05  0.132485839180123E+06
0.230000000000111E-06 0.346700000000165E+03  0.532194297355574E+05  0.126453288640674E+06
0.232000000000113E-06 0.349680000000168E+03  0.674973609216606E+05  0.117317118141098E+06
0.234000000000115E-06 0.352660000000171E+03  0.607854017691173E+05  0.116785020301718E+06
0.236000000000117E-06 0.355640000000175E+03  0.571799733260605E+05  0.108083257033396E+06
0.238000000000120E-06 0.358620000000178E+03  0.572525435614284E+05  0.104303081691677E+06
0.240000000000122E-06 0.361600000000182E+03  0.516419441301299E+05  0.106942233193919E+06
0.242000000000124E-06 0.364580000000185E+03  0.560582737144603E+05  0.106517476304746E+06
0.244000000000126E-06 0.367560000000188E+03  0.527675088477366E+05  0.994298170637181E+05
0.246000000000129E-06 0.370540000000192E+03  0.662215016985516E+05  0.933091777375105E+05
0.248000000000131E-06 0.373520000000195E+03  0.627003110187969E+05  0.935201104346244E+05
0.250000000000133E-06 0.376500000000198E+03  0.659815660816823E+05  0.926200899974434E+05
0.252000000000136E-06 0.379480000000202E+03  0.698021508841675E+05  0.815124497499567E+05
0.254000000000138E-06 0.382460000000205E+03  0.751115677016542E+05  0.732276051565737E+05
0.256000000000140E-06 0.385440000000209E+03  0.648083668833707E+05  0.751988007573958E+05
0.258000000000142E-06 0.388420000000212E+03  0.532083181587898E+05  0.768978327758684E+05
0.260000000000145E-06 0.391400000000215E+03  0.541002107027228E+05  0.720290493533971E+05
0.262000000000147E-06 0.394380000000219E+03  0.580199406705842E+05  0.690432448203138E+05
0.264000000000149E-06 0.397360000000222E+03  0.453490471972102E+05  0.697091360314337E+05
0.266000000000151E-06 0.400340000000226E+03  0.495260019650365E+05  0.705992485993653E+05
0.268000000000154E-06 0.403320000000229E+03  0.611889112634438E+05  0.664613342338821E+05
0.270000000000156E-06 0.406300000000232E+03  0.561102184860625E+05  0.702128324599330E+05
0.272000000000158E-06 0.409280000000236E+03  0.517050291106896E+05  0.708155568667521E+05
0.274000000000160E-06 0.412260000000239E+03  0.534261415853945E+05  0.655424988587520E+05
0.276000000000163E-06 0.415240000000243E+03  0.494414202985024E+05  0.749285591447598E+05
0.278000000000165E-06 0.418220000000246E+03  0.548714482044091E+05  0.723682750713760E+05
0.280000000000167E-06 0.421200000000249E+03  0.501234544486285E+05  0.715849830089450E+05
0.282000000000170E-06 0.424180000000253E+03  0.523104181952822E+05  0.706510406271754E+05
0.284000000000172E-06 0.427160000000256E+03  0.490602637445989E+05  0.752094269719530E+05
0.286000000000174E-06 0.430140000000259E+03  0.553056213654560E+05  0.718131159631187E+05
0.288000000000176E-06 0.433120000000263E+03  0.645065744048894E+05  0.708345044834346E+05
0.290000000000179E-06 0.436100000000266E+03  0.629582461753019E+05  0.637112848999279E+05
0.292000000000181E-06 0.439080000000269E+03  0.608051086092729E+05  0.653437104504799E+05
0.294000000000183E-06 0.442060000000273E+03  0.489803335242692E+05  0.684879486146544E+05
0.296000000000185E-06 0.445040000000276E+03  0.585205595159897E+05  0.640959211278641E+05
0.298000000000188E-06 0.448020000000280E+03  0.576990019936026E+05  0.540644735560648E+05
0.300000000000190E-06 0.451000000000283E+03  0.604871016073567E+05  0.595292961904114E+05
0.302000000000192E-06 0.453980000000286E+03  0.553891271549892E+05  0.618286340132822E+05
0.304000000000194E-06 0.456960000000290E+03  0.575428730149709E+05  0.742685030070381E+05
0.306000000000197E-06 0.459940000000293E+03  0.522945280579495E+05  0.626120474158779E+05
0.308000000000199E-06 0.462920000000297E+03  0.456452068325982E+05  0.558995843576098E+05
0.310000000000201E-06 0.465900000000300E+03  0.550939785860345E+05  0.585048314432057E+05
0.312000000000204E-06 0.468880000000303E+03  0.534097708849055E+05  0.574309092830697E+05
0.314000000000206E-06 0.471860000000307E+03  0.503616437278235E+05  0.617492552332943E+05
0.316000000000208E-06 0.474840000000310E+03  0.592548937074950E+05  0.520683747252524E+05
0.318000000000210E-06 0.477820000000313E+03  0.597678819488922E+05  0.580001845873792E+05
0.320000000000213E-06 0.480800000000317E+03  0.674040219465390E+05  0.588518718994287E+05
0.322000000000215E-06 0.483780000000320E+03  0.601563647035843E+05  0.426657059484035E+05
0.324000000000217E-06 0.486760000000324E+03  0.588527482708424E+05  0.416373227854690E+05
0.326000000000219E-06 0.489740000000327E+03  0.659034836846688E+05  0.450391112036853E+05
0.328000000000222E-06 0.492720000000330E+03  0.560264688292501E+05  0.415011320093477E+05
0.330000000000224E-06 0.495700000000334E+03  0.641473055624403E+05  0.479492393784967E+05
0.332000000000226E-06 0.498680000000337E+03  0.646936576105200E+05  0.580417041732122E+05
0.334000000000228E-06 0.501660000000340E+03  0.591845572441886E+05  0.536933978043849E+05
0.336000000000231E-06 0.504640000000344E+03  0.485980897709434E+05  0.450779558272219E+05
0.338000000000233E-06 0.507620000000347E+03  0.489061097928758E+05  0.437793809537104E+05
0.340000000000235E-06 0.510600000000351E+03  0.347689502506739E+05  0.407550568342826E+05
0.342000000000238E-06 0.513580000000354E+03  0.528308668937385E+05  0.224900992538730E+05
0.344000000000240E-06 0.516560000000357E+03  0.525356293423776E+05  0.321805601905215E+05
0.346000000000242E-06 0.519540000000361E+03  0.518803113387711E+05  0.407226058638752E+05
0.348000000000244E-06 0.522520000000364E+03  0.562472936643802E+05  0.393743561437234E+05
0.350000000000247E-06 0.525500000000368E+03  0.514854968834377E+05  0.392671318287009E+05
0.352000000000249E-06 0.528480000000371E+03  0.493516434927854E+05  0.331292103601228E+05
0.354000000000251E-06 0.531460000000374E+03  0.453115699984233E+05  0.305094719473806E+05
0.356000000000253E-06 0.534440000000378E+03  0.377802112624460E+05  0.394789509737255E+05
0.358000000000256E-06 0.537420000000381E+03  0.422367109315017E+05  0.541137395644900E+05
0.360000000000258E-06 0.540400000000384E+03  0.383581283897161E+05  0.445631182319654E+05
0.362000000000260E-06 0.543380000000388E+03  0.412830761610798E+05  0.540969519284518E+05
0.364000000000263E-06 0.546360000000391E+03  0.445697585108388E+05  0.539214930291170E+05
0.366000000000265E-06 0.549340000000395E+03  0.350130425907807E+05  0.552535716154858E+05
0.368000000000267E-06 0.552320000000398E+03  0.348481062174362E+05  0.485618832009076E+05
0.370000000000269E-06 0.555300000000401E+03  0.440623967794792E+05  0.405769328854123E+05
0.372000000000272E-06 0.558280000000405E+03  0.362912850803279E+05  0.507609945613669E+05
0.374000000000274E-06 0.561260000000408E+03  0.442515171440274E+05  0.445821455468192E+05
0.376000000000276E-06 0.564240000000411E+03  0.438717893399699E+05  0.520737168510105E+05
0.378000000000278E-06 0.567220000000415E+03  0.429521438191892E+05  0.575276775022075E+05
0.380000000000281E-06 0.570200000000418E+03  0.373710456508855E+05  0.497597329931867E+05
0.382000000000283E-06 0.573180000000422E+03  0.242767499801854E+05  0.478694008220219E+05
0.384000000000285E-06 0.576160000000425E+03  0.263693224640254E+05  0.485189499178370E+05
0.386000000000287E-06 0.579140000000428E+03  0.333093308805416E+05  0.420834544023246E+05
0.388000000000290E-06 0.582120000000432E+03  0.259702573978707E+05  0.324636675421503E+05
0.390000000000292E-06 0.585100000000435E+03  0.403479438267117E+05  0.288360401718479E+05
0.392000000000294E-06 0.588080000000439E+03  0.407824793131537E+05  0.290984363578542E+05
0.394000000000297E-06 0.591060000000442E+03  0.527067294935929E+05  0.204944978782928E+05
0.396000000000299E-06 0.594040000000445E+03  0.443167646405315E+05  0.400321705853931E+05
0.398000000000301E-06 0.597020000000449E+03  0.461095933171913E+05  0.381397670422627E+05
0.400000000000303E-06 0.600000000000452E+03  0.530866967771796E+05  0.444282457024463E+05
