#                t(s)                  T(K)             M_ZFC(A/m)              M_FC(A/m)
0.200000000000000E-08 0.698000000000000E+01  0.169286968704236E+05  0.287445857760809E+06
0.400000000000002E-08 0.996000000000003E+01  0.175232372574834E+05  0.285792356587308E+06
0.599999999999997E-08 0.129400000000000E+02  0.168198123066627E+05  0.285686418659418E+06
0.799999999999992E-08 0.159199999999999E+02  0.172343682920364E+05  0.285262387928452E+06
0.999999999999988E-08 0.188999999999998E+02  0.162776581689475E+05  0.285419075644914E+06
0.119999999999998E-07 0.218799999999997E+02  0.172788099746106E+05  0.286241628431114E+06
0.139999999999998E-07 0.248599999999997E+02  0.180004634845763E+05  0.285602791498418E+06
0.159999999999999E-07 0.278399999999999E+02  0.165856501280372E+05  0.286380497684540E+06
0.180000000000002E-07 0.308200000000003E+02  0.164393204643961E+05  0.283962917036440E+06
0.200000000000005E-07 0.338000000000007E+02  0.173659504193989E+05  0.285417839753498E+06
0.220000000000008E-07 0.367800000000011E+02  0.161343056867375E+05  0.284191357008137E+06
0.240000000000010E-07 0.397600000000016E+02  0.179857090429057E+05  0.284322958020193E+06
0.260000000000013E-07 0.427400000000020E+02  0.160295935634441E+05  0.284608572344870E+06
0.280000000000016E-07 0.457200000000024E+02  0.153276659938964E+05  0.283891285942813E+06
0.300000000000018E-07 0.487000000000027E+02  0.167123360668432E+05  0.284280873575154E+06
0.320000000000014E-07 0.516800000000022E+02  0.160929506102117E+05  0.281536489406461E+06
0.340000000000011E-07 0.546600000000016E+02  0.176277913583825E+05  0.284198921563608E+06
0.360000000000007E-07 0.576400000000010E+02  0.155175076053395E+05  0.281234653440068E+06
0.380000000000003E-07 0.606200000000005E+02  0.176534855004400E+05  0.284567096429973E+06
0.399999999999999E-07 0.635999999999999E+02  0.174490303607214E+05  0.283110107474779E+06
0.419999999999995E-07 0.665799999999993E+02  0.155236850909893E+05  0.281096516322692E+06
0.439999999999992E-07 0.695599999999988E+02  0.191133488556389E+05  0.283831054652472E+06
0.459999999999988E-07 0.725399999999982E+02  0.190489389523593E+05  0.283276310597721E+06
0.479999999999984E-07 0.755199999999976E+02  0.150958533586517E+05  0.281634756518649E+06
0.499999999999980E-07 0.784999999999971E+02  0.161390042148241E+05  0.282966480094610E+06
0.519999999999977E-07 0.814799999999965E+02  0.206647508488744E+05  0.279910806609017E+06
0.539999999999973E-07 0.844599999999959E+02  0.170104078626590E+05  0.279899773226758E+06
0.559999999999969E-07 0.874399999999954E+02  0.190799967433774E+05  0.283336372413607E+06
0.579999999999965E-07 0.904199999999948E+02  0.166150641448316E+05  0.279060036137777E+06
0.599999999999961E-07 0.933999999999943E+02  0.194862121109911E+05  0.280760905791150E+06
0.619999999999958E-07 0.963799999999937E+02  0.163195825061644E+05  0.279527570211846E+06
0.639999999999954E-07 0.993599999999931E+02  0.193566055210637E+05  0.278253187596763E+06
0.659999999999950E-07 0.102339999999993E+03  0.161563592939229E+05  0.276988439106876E+06
0.679999999999946E-07 0.105319999999992E+03  0.138530604548199E+05  0.280657448032533E+06
0.699999999999942E-07 0.108299999999991E+03  0.193039795998646E+05  0.277838769571800E+06
0.719999999999939E-07 0.111279999999991E+03  0.210450073026809E+05  0.279896733830509E+06
0.739999999999935E-07 0.114259999999990E+03  0.159437566320584E+05  0.277593972174390E+06
0.759999999999931E-07 0.117239999999990E+03  0.159732709199569E+05  0.277807417089806E+06
0.779999999999927E-07 0.120219999999989E+03  0.135433462551893E+05  0.273664526148129E+06
0.799999999999924E-07 0.123199999999989E+03  0.189499298288902E+05  0.275312748267294E+06
0.819999999999920E-07 0.126179999999988E+03  0.209179927790696E+05  0.277004710760998E+06
0.839999999999916E-07 0.129159999999987E+03  0.153777450979308E+05  0.275083007102177E+06
0.859999999999912E-07 0.132139999999987E+03  0.160480725060437E+05  0.277362089672757E+06
0.879999999999908E-07 0.135119999999986E+03  0.190004764321220E+05  0.275192202637274E+06
0.899999999999905E-07 0.138099999999986E+03  0.174750847498697E+05  0.274111207172158E+06
0.919999999999901E-07 0.141079999999985E+03  0.146154732523264E+05  0.277566470688409E+06
0.939999999999897E-07 0.144059999999985E+03  0.202441747853825E+05  0.276168397506660E+06
0.959999999999893E-07 0.147039999999984E+03  0.176091594850328E+05  0.275225495731909E+06
0.979999999999889E-07 0.150019999999984E+03  0.188867291208289E+05  0.275362327287773E+06
0.999999999999886E-07 0.152999999999983E+03  0.169626599260145E+05  0.273392788468139E+06
0.101999999999988E-06 0.155979999999982E+03  0.187333279637479E+05  0.275356744314703E+06
0.103999999999988E-06 0.158959999999982E+03  0.166385737889316E+05  0.270533538460484E+06
0.105999999999987E-06 0.161939999999981E+03  0.207722748988503E+05  0.273600915451882E+06
0.107999999999987E-06 0.164919999999981E+03  0.194450201260801E+05  0.271493650978358E+06
0.109999999999987E-06 0.167899999999980E+03  0.124706951451244E+05  0.274054056639647E+06
0.111999999999986E-06 0.170879999999980E+03  0.187791776854746E+05  0.274556766600892E+06
0.113999999999986E-06 0.173859999999979E+03  0.233108367453618E+05  0.273053074664938E+06
0.115999999999986E-06 0.176839999999978E+03  0.144203463068890E+05  0.272416636729798E+06
0.117999999999985E-06 0.179819999999978E+03  0.165360178617775E+05  0.271957881866191E+06
0.119999999999986E-06 0.182799999999979E+03  0.154068183879857E+05  0.271371522493399E+06
0.121999999999988E-06 0.185779999999982E+03  0.170233396779639E+05  0.274275416380439E+06
0.123999999999990E-06 0.188759999999986E+03  0.195407474044257E+05  0.274168180262790E+06
0.125999999999993E-06 0.191739999999989E+03  0.153721214686256E+05  0.272440615078672E+06
0.127999999999995E-06 0.194719999999992E+03  0.169409958076951E+05  0.269173661160102E+06
0.129999999999997E-06 0.197699999999996E+03  0.154300220573374E+05  0.264674162607137E+06
0.131999999999999E-06 0.200679999999999E+03  0.154636317101549E+05  0.265655041146000E+06
0.134000000000002E-06 0.203660000000003E+03  0.216821593063455E+05  0.269132483182938E+06
0.136000000000004E-06 0.206640000000006E+03  0.185010812011726E+05  0.267434569857340E+06
0.138000000000006E-06 0.209620000000009E+03  0.186396239507310E+05  0.267926118511224E+06
0.140000000000009E-06 0.212600000000013E+03  0.201082093979977E+05  0.271059232113560E+06
0.142000000000011E-06 0.215580000000016E+03  0.226925807199632E+05  0.263063729664519E+06
0.144000000000013E-06 0.218560000000019E+03  0.239043265707235E+05  0.269426860971452E+06
0.146000000000015E-06 0.221540000000023E+03  0.220188292367474E+05  0.261805272097634E+06
0.148000000000018E-06 0.224520000000026E+03  0.191849313945415E+05  0.261239052461608E+06
0.150000000000020E-06 0.227500000000030E+03  0.230920462314005E+05  0.259876287628982E+06
0.152000000000022E-06 0.230480000000033E+03  0.225310696600846E+05  0.262389862129792E+06
0.154000000000024E-06 0.233460000000036E+03  0.183594511493727E+05  0.261912921640276E+06
0.156000000000027E-06 0.236440000000040E+03  0.288240392755946E+05  0.258473482671784E+06
0.158000000000029E-06 0.239420000000043E+03  0.287517388568059E+05  0.261456238943386E+06
0.160000000000031E-06 0.242400000000046E+03  0.222284760847121E+05  0.256405855683328E+06
0.162000000000033E-06 0.245380000000050E+03  0.255068534392939E+05  0.249878921837515E+06
0.164000000000036E-06 0.248360000000053E+03  0.282478978587299E+05  0.243930270512013E+06
0.166000000000038E-06 0.251340000000057E+03  0.202914045830958E+05  0.243633151388284E+06
0.168000000000040E-06 0.254320000000060E+03  0.231095532652118E+05  0.246219962282205E+06
0.170000000000043E-06 0.257300000000063E+03  0.276927156289706E+05  0.248857164959791E+06
0.172000000000045E-06 0.260280000000067E+03  0.313637204999731E+05  0.235823277983312E+06
0.174000000000047E-06 0.263260000000070E+03  0.323954923965629E+05  0.231736583974634E+06
0.176000000000049E-06 0.266240000000074E+03  0.330851838627136E+05  0.237907629720293E+06
0.178000000000052E-06 0.269220000000077E+03  0.347545806667616E+05  0.232215060863217E+06
0.180000000000054E-06 0.272200000000080E+03  0.302971270480728E+05  0.227761647905922E+06
0.182000000000056E-06 0.275180000000084E+03  0.387654550798953E+05  0.228099448104851E+06
0.184000000000058E-06 0.278160000000087E+03  0.403771078123093E+05  0.215133000552861E+06
0.186000000000061E-06 0.281140000000090E+03  0.418247061065201E+05  0.212232526243937E+06
0.188000000000063E-06 0.284120000000094E+03  0.443575752625389E+05  0.216537993813185E+06
0.190000000000065E-06 0.287100000000097E+03  0.382805352465990E+05  0.211660587390126E+06
0.192000000000067E-06 0.290080000000101E+03  0.399364629616680E+05  0.201732838294296E+06
0.194000000000070E-06 0.293060000000104E+03  0.400219936415468E+05  0.202184836973172E+06
0.196000000000072E-06 0.296040000000107E+03  0.447561919795923E+05  0.192192610748984E+06
0.198000000000074E-06 0.299020000000111E+03  0.441195632872370E+05  0.192585554650214E+06
0.200000000000077E-06 0.302000000000114E+03  0.495699007026057E+05  0.184138000423127E+06
0.202000000000079E-06 0.304980000000117E+03  0.501775801490697E+05  0.188292987311449E+06
0.204000000000081E-06 0.307960000000121E+03  0.533955715657803E+05  0.170239101214625E+06
0.206000000000083E-06 0.310940000000124E+03  0.602323469232461E+05  0.172119525784943E+06
0.208000000000086E-06 0.313920000000128E+03  0.602790033533464E+05  0.165876293771009E+06
0.210000000000088E-06 0.316900000000131E+03  0.571059974758005E+05  0.167126075730181E+06
0.212000000000090E-06 0.319880000000134E+03  0.639155782792065E+05  0.162293138157321E+06
0.214000000000092E-06 0.322860000000138E+03  0.637472079835571E+05  0.151508373130627E+06
0.216000000000095E-06 0.325840000000141E+03  0.743775200135276E+05  0.154884678059647E+06
0.218000000000097E-06 0.328820000000144E+03  0.628209253387330E+05  0.145670351706036E+06
0.220000000000099E-06 0.331800000000148E+03  0.656811979254911E+05  0.138635989307304E+06
0.222000000000101E-06 0.334780000000151E+03  0.628457268229104E+05  0.128452429579831E+06
0.224000000000104E-06 0.337760000000155E+03  0.510834893899898E+05  0.124421066535770E+06
0.226000000000106E-06 0.340740000000158E+03  0.584459913923966E+05  0.120833393749795E+06
0.228000000000108E-06 0.343720000000161E+03  0.620725735526842E+05  0.122532032292220E+06
0.230000000000111E-06 0.346700000000165E+03  0.553019385826772E+05  0.114146380105510E+06
0.232000000000113E-06 0.349680000000168E+03  0.618771039784022E+05  0.116281577971506E+06
0.234000000000115E-06 0.352660000000171E+03  0.627729268807652E+05  0.110011572099766E+06
0.236000000000117E-06 0.355640000000175E+03  0.585939628957470E+05  0.111392143464382E+06
0.238000000000120E-06 0.358620000000178E+03  0.557105992375838E+05  0.104225392166708E+06
0.240000000000122E-06 0.361600000000182E+03  0.576829879020774E+05  0.879069014674209E+05
0.242000000000124E-06 0.364580000000185E+03  0.600943600066324E+05  0.955256973165333E+05
0.244000000000126E-06 0.367560000000188E+03  0.613515859720010E+05  0.101290848505942E+06
0.246000000000129E-06 0.370540000000192E+03  0.676411745205310E+05  0.888806877913665E+05
0.248000000000131E-06 0.373520000000195E+03  0.529260040122742E+05  0.987671398391699E+05
0.250000000000133E-06 0.376500000000198E+03  0.508920615163894E+05  0.986910402627715E+05
0.252000000000136E-06 0.379480000000202E+03  0.533724482870627E+05  0.106770389209095E+06
0.254000000000138E-06 0.382460000000205E+03  0.457585916642609E+05  0.101466751065135E+06
0.256000000000140E-06 0.385440000000209E+03  0.505989132897147E+05  0.934649302052530E+05
0.258000000000142E-06 0.388420000000212E+03  0.558603186646068E+05  0.901890127362647E+05
0.260000000000145E-06 0.391400000000215E+03  0.686128999779555E+05  0.939316272699258E+05
0.262000000000147E-06 0.394380000000219E+03  0.526941191161120E+05  0.813129240100876E+05
0.264000000000149E-06 0.397360000000222E+03  0.610937197829314E+05  0.764158037337873E+05
0.266000000000151E-06 0.400340000000226E+03  0.628942318017044E+05  0.745347587882368E+05
0.268000000000154E-06 0.403320000000229E+03  0.514130708178434E+05  0.721294230345957E+05
0.270000000000156E-06 0.406300000000232E+03  0.502223975998510E+05  0.639665777461515E+05
0.272000000000158E-06 0.409280000000236E+03  0.499971589787659E+05  0.607674042138529E+05
0.274000000000160E-06 0.412260000000239E+03  0.453462513965433E+05  0.615846273333466E+05
0.276000000000163E-06 0.415240000000243E+03  0.535232395011790E+05  0.636267991733354E+05
0.278000000000165E-06 0.418220000000246E+03  0.494496176300494E+05  0.555204464623211E+05
0.280000000000167E-06 0.421200000000249E+03  0.516956125096255E+05  0.630520772456228E+05
0.282000000000170E-06 0.424180000000253E+03  0.544004582461328E+05  0.732767162425069E+05
0.284000000000172E-06 0.427160000000256E+03  0.533057249484231E+05  0.693258486634971E+05
0.286000000000174E-06 0.430140000000259E+03  0.564550910486139E+05  0.737298961070058E+05
0.288000000000176E-06 0.433120000000263E+03  0.567620175221830E+05  0.726751541148497E+05
0.290000000000179E-06 0.436100000000266E+03  0.642154825825785E+05  0.712440144196690E+05
0.292000000000181E-06 0.439080000000269E+03  0.529951629110544E+05  0.650263189784296E+05
0.294000000000183E-06 0.442060000000273E+03  0.523076604489120E+05  0.786367745976872E+05
0.296000000000185E-06 0.445040000000276E+03  0.414281507656097E+05  0.708076033299167E+05
0.298000000000188E-06 0.448020000000280E+03  0.395516014834775E+05  0.558608372291888E+05
0.300000000000190E-06 0.451000000000283E+03  0.577043704829375E+05  0.534639440862879E+05
0.302000000000192E-06 0.453980000000286E+03  0.482529849716518E+05  0.663731261444746E+05
0.304000000000194E-06 0.456960000000290E+03  0.460647496499449E+05  0.574354209329998E+05
0.306000000000197E-06 0.459940000000293E+03  0.535901602630822E+05  0.678458694652472E+05
0.308000000000199E-06 0.462920000000297E+03  0.514524284601964E+05  0.543511746184217E+05
0.310000000000201E-06 0.465900000000300E+03  0.530408774292543E+05  0.682670255425510E+05
0.312000000000204E-06 0.468880000000303E+03  0.509232238700071E+05  0.628286197987327E+05
0.314000000000206E-06 0.471860000000307E+03  0.465071445092921E+05  0.576201383406974E+05
0.316000000000208E-06 0.474840000000310E+03  0.438856790388859E+05  0.627778344095560E+05
0.318000000000210E-06 0.477820000000313E+03  0.479834488414264E+05  0.531987377281674E+05
0.320000000000213E-06 0.480800000000317E+03  0.518097992754426E+05  0.389966413290023E+05
0.322000000000215E-06 0.483780000000320E+03  0.599589139266138E+05  0.391134825099927E+05
0.324000000000217E-06 0.486760000000324E+03  0.532081553177253E+05  0.388686425784942E+05
0.326000000000219E-06 0.489740000000327E+03  0.491323373136036E+05  0.525881832449330E+05
0.328000000000222E-06 0.492720000000330E+03  0.469517961407738E+05  0.386774734002405E+05
0.330000000000224E-06 0.495700000000334E+03  0.570757133575694E+05  0.377981391197885E+05
0.332000000000226E-06 0.498680000000337E+03  0.470686184526395E+05  0.639841031898931E+05
0.334000000000228E-06 0.501660000000340E+03  0.349234489241270E+05  0.504608826778762E+05
0.336000000000231E-06 0.504640000000344E+03  0.371503472472896E+05  0.527543186923127E+05
0.338000000000233E-06 0.507620000000347E+03  0.374564347475975E+05  0.637886652323176E+05
0.340000000000235E-06 0.510600000000351E+03  0.427293692834630E+05  0.471619886676141E+05
0.342000000000238E-06 0.513580000000354E+03  0.452394818162907E+05  0.458262083617186E+05
0.344000000000240E-06 0.516560000000357E+03  0.360973293990706E+05  0.613813099585517E+05
0.346000000000242E-06 0.519540000000361E+03  0.346343099605297E+05  0.604633594231807E+05
0.348000000000244E-06 0.522520000000364E+03  0.390499468335650E+05  0.503935299196718E+05
0.350000000000247E-06 0.525500000000368E+03  0.269620764513408E+05  0.430319839964255E+05
0.352000000000249E-06 0.528480000000371E+03  0.432403979809914E+05  0.516966179669902E+05
0.354000000000251E-06 0.531460000000374E+03  0.363121811742409E+05  0.376199637176016E+05
0.356000000000253E-06 0.534440000000378E+03  0.322127876406337E+05  0.488679083196537E+05
0.358000000000256E-06 0.537420000000381E+03  0.482240403411213E+05  0.538934716966135E+05
0.360000000000258E-06 0.540400000000384E+03  0.407181768463531E+05  0.475147553194346E+05
0.362000000000260E-06 0.543380000000388E+03  0.443320444846711E+05  0.445039885008010E+05
0.364000000000263E-06 0.546360000000391E+03  0.524982073261325E+05  0.350877031791319E+05
0.366000000000265E-06 0.549340000000395E+03  0.458209565956787E+05  0.346498473172803E+05
0.368000000000267E-06 0.552320000000398E+03  0.457899723706398E+05  0.332105929097139E+05
0.370000000000269E-06 0.555300000000401E+03  0.383171365053373E+05  0.359219374577745E+05
0.372000000000272E-06 0.558280000000405E+03  0.496003979223635E+05  0.394208591691296E+05
0.374000000000274E-06 0.561260000000408E+03  0.376090972136274E+05  0.315096455842591E+05
0.376000000000276E-06 0.564240000000411E+03  0.400216331116352E+05  0.371758939582278E+05
0.378000000000278E-06 0.567220000000415E+03  0.383194458637504E+05  0.287224685165092E+05
0.380000000000281E-06 0.570200000000418E+03  0.504932984961246E+05  0.274471728884438E+05
0.382000000000283E-06 0.573180000000422E+03  0.396204917206068E+05  0.370616799620347E+05
0.384000000000285E-06 0.576160000000425E+03  0.295995535715436E+05  0.321217584794751E+05
0.386000000000287E-06 0.579140000000428E+03  0.267944100423536E+05  0.396556731881023E+05
0.388000000000290E-06 0.582120000000432E+03  0.355221154090407E+05  0.396741705497364E+05
0.390000000000292E-06 0.585100000000435E+03  0.299455320188023E+05  0.353398283146583E+05
0.392000000000294E-06 0.588080000000439E+03  0.289818478306214E+05  0.377285502972089E+05
0.394000000000297E-06 0.591060000000442E+03  0.389293079446536E+05  0.355496026728074E+05
0.396000000000299E-06 0.594040000000445E+03  0.456242470613785E+05  0.406818657492295E+05
0.398000000000301E-06 0.597020000000449E+03  0.381710454175921E+05  0.513123768900977E+05
0.400000000000303E-06 0.600000000000452E+03  0.644198303537699E+05  0.430001727767211E+05
