#                t(s)                  T(K)             M_ZFC(A/m)              M_FC(A/m)
0.200000000000000E-08 0.698000000000000E+01 -0.297325302419221E+04  0.294263555386891E+06
0.400000000000002E-08 0.996000000000003E+01 -0.199450580376442E+04  0.295162490121273E+06
0.599999999999997E-08 0.129400000000000E+02 -0.234187153732152E+04  0.294438287857709E+06
0.799999999999992E-08 0.159199999999999E+02 -0.117216518352032E+04  0.294489289710975E+06
0.999999999999988E-08 0.188999999999998E+02 -0.286032913459801E+04  0.292846884559026E+06
0.119999999999998E-07 0.218799999999997E+02 -0.326523945795948E+04  0.292956349394815E+06
0.139999999999998E-07 0.248599999999997E+02 -0.190577607825926E+04  0.292620633377782E+06
0.159999999999999E-07 0.278399999999999E+02 -0.301996099204148E+04  0.291471698806067E+06
0.180000000000002E-07 0.308200000000003E+02 -0.272500892722160E+04  0.292058444356927E+06
0.200000000000005E-07 0.338000000000007E+02 -0.148869817192524E+04  0.293134036744666E+06
0.220000000000008E-07 0.367800000000011E+02 -0.201158688613667E+04  0.292334224766788E+06
0.240000000000010E-07 0.397600000000016E+02 -0.302698192097039E+04  0.292996047669235E+06
0.260000000000013E-07 0.427400000000020E+02 -0.278333083376195E+04  0.292193073821962E+06
0.280000000000016E-07 0.457200000000024E+02 -0.334712324108220E+04  0.291320485991876E+06
0.300000000000018E-07 0.487000000000027E+02 -0.145058703560963E+04  0.294446684684678E+06
0.320000000000014E-07 0.516800000000022E+02 -0.432449638473491E+02  0.293291756923358E+06
0.340000000000011E-07 0.546600000000016E+02 -0.378792138899435E+03  0.292402530922949E+06
0.360000000000007E-07 0.576400000000010E+02 -0.176139378020126E+04  0.290383067114717E+06
0.380000000000003E-07 0.606200000000005E+02 -0.102614757602797E+03  0.290754184815356E+06
0.399999999999999E-07 0.635999999999999E+02 -0.202405068447923E+04  0.290410991853055E+06
0.419999999999995E-07 0.665799999999993E+02 -0.103163464349649E+04  0.288145228082947E+06
0.439999999999992E-07 0.695599999999988E+02 -0.340342754800939E+04  0.289504248887521E+06
0.459999999999988E-07 0.725399999999982E+02 -0.218832571160700E+04  0.290407793368395E+06
0.479999999999984E-07 0.755199999999976E+02 -0.174948503399783E+04  0.287615307808404E+06
0.499999999999980E-07 0.784999999999971E+02  0.179233010699687E+04  0.287524702120167E+06
0.519999999999977E-07 0.814799999999965E+02  0.177715759120946E+02  0.288212441346140E+06
0.539999999999973E-07 0.844599999999959E+02 -0.169310073087710E+04  0.287079244786447E+06
0.559999999999969E-07 0.874399999999954E+02 -0.162722083129031E+04  0.289968680282387E+06
0.579999999999965E-07 0.904199999999948E+02 -0.549974178305097E+02  0.286199476697093E+06
0.599999999999961E-07 0.933999999999943E+02 -0.378999462354086E+04  0.289125666117456E+06
0.619999999999958E-07 0.963799999999937E+02 -0.201347621066175E+04  0.287898806369890E+06
0.639999999999954E-07 0.993599999999931E+02  0.283783615317041E+04  0.288056094264103E+06
0.659999999999950E-07 0.102339999999993E+03 -0.134309064873104E+04  0.286700532363840E+06
0.679999999999946E-07 0.105319999999992E+03  0.198536028451309E+04  0.285296092664648E+06
0.699999999999942E-07 0.108299999999991E+03 -0.240108185475160E+04  0.285745559743728E+06
0.719999999999939E-07 0.111279999999991E+03 -0.113158891970771E+04  0.285461402954149E+06
0.739999999999935E-07 0.114259999999990E+03 -0.209720974628755E+04  0.281416514296787E+06
0.759999999999931E-07 0.117239999999990E+03 -0.591899625338283E+04  0.282061135535013E+06
0.779999999999927E-07 0.120219999999989E+03  0.158352000643267E+04  0.284234963472167E+06
0.799999999999924E-07 0.123199999999989E+03 -0.321900802129438E+03  0.284497331048653E+06
0.819999999999920E-07 0.126179999999988E+03 -0.302967411742146E+04  0.283715882221041E+06
0.839999999999916E-07 0.129159999999987E+03 -0.325251756702287E+04  0.283774730990546E+06
0.859999999999912E-07 0.132139999999987E+03 -0.449038454256304E+03  0.283434502272716E+06
0.879999999999908E-07 0.135119999999986E+03  0.284132058836702E+04  0.281673526011009E+06
0.899999999999905E-07 0.138099999999986E+03 -0.147471335349466E+04  0.280799249131451E+06
0.919999999999901E-07 0.141079999999985E+03 -0.361104140490428E+04  0.288179051178976E+06
0.939999999999897E-07 0.144059999999985E+03 -0.358514727975308E+04  0.284908838728288E+06
0.959999999999893E-07 0.147039999999984E+03 -0.317807305786040E+04  0.284432342077774E+06
0.979999999999889E-07 0.150019999999984E+03 -0.166093511705114E+04  0.282005124336450E+06
0.999999999999886E-07 0.152999999999983E+03 -0.427175461588051E+04  0.282650260886546E+06
0.101999999999988E-06 0.155979999999982E+03 -0.106527200214191E+04  0.281802355319207E+06
0.103999999999988E-06 0.158959999999982E+03  0.371574621998325E+04  0.281724757170495E+06
0.105999999999987E-06 0.161939999999981E+03  0.375486947499241E+04  0.282988116257109E+06
0.107999999999987E-06 0.164919999999981E+03  0.783488562809818E+01  0.279666458212804E+06
0.109999999999987E-06 0.167899999999980E+03 -0.232991175880173E+04  0.281821785402524E+06
0.111999999999986E-06 0.170879999999980E+03 -0.117350072419668E+04  0.284040332497552E+06
0.113999999999986E-06 0.173859999999979E+03 -0.909291155123378E+03  0.279166605369292E+06
0.115999999999986E-06 0.176839999999978E+03  0.269799524335787E+04  0.282067117726970E+06
0.117999999999985E-06 0.179819999999978E+03  0.779839750206283E+04  0.283008450039464E+06
0.119999999999986E-06 0.182799999999979E+03  0.232356976054590E+04  0.275321327695672E+06
0.121999999999988E-06 0.185779999999982E+03  0.491069925665151E+04  0.281523434003135E+06
0.123999999999990E-06 0.188759999999986E+03  0.550165191215865E+04  0.278733684189107E+06
0.125999999999993E-06 0.191739999999989E+03  0.873554287737878E+03  0.276255653468824E+06
0.127999999999995E-06 0.194719999999992E+03 -0.166597464934162E+03  0.279795420125772E+06
0.129999999999997E-06 0.197699999999996E+03  0.535308115001404E+04  0.280270770449448E+06
0.131999999999999E-06 0.200679999999999E+03  0.594812807646471E+04  0.276161471766630E+06
0.134000000000002E-06 0.203660000000003E+03  0.180903731035608E+04  0.275382292786903E+06
0.136000000000004E-06 0.206640000000006E+03  0.369486106888978E+04  0.275116490285602E+06
0.138000000000006E-06 0.209620000000009E+03  0.169039853044448E+04  0.274625809122288E+06
0.140000000000009E-06 0.212600000000013E+03  0.443159009593856E+04  0.273752596862344E+06
0.142000000000011E-06 0.215580000000016E+03 -0.737234534064691E+03  0.269547001029495E+06
0.144000000000013E-06 0.218560000000019E+03 -0.752124261000846E+02  0.267899188102690E+06
0.146000000000015E-06 0.221540000000023E+03  0.696125528140047E+02  0.267258583133362E+06
0.148000000000018E-06 0.224520000000026E+03 -0.281254795293691E+04  0.265098710075412E+06
0.150000000000020E-06 0.227500000000030E+03  0.713646488341067E+04  0.268532385979235E+06
0.152000000000022E-06 0.230480000000033E+03  0.513730036444101E+04  0.259608590912395E+06
0.154000000000024E-06 0.233460000000036E+03  0.591394942198856E+04  0.262634460306268E+06
0.156000000000027E-06 0.236440000000040E+03  0.101739893810294E+05  0.256742866753010E+06
0.158000000000029E-06 0.239420000000043E+03  0.799044309406456E+04  0.263582249985324E+06
0.160000000000031E-06 0.242400000000046E+03 -0.166399994455466E+03  0.260488435290974E+06
0.162000000000033E-06 0.245380000000050E+03  0.768221564965852E+04  0.248206498218664E+06
0.164000000000036E-06 0.248360000000053E+03  0.103459337550115E+05  0.261333197018797E+06
0.166000000000038E-06 0.251340000000057E+03  0.147590970632466E+05  0.253573269011121E+06
0.168000000000040E-06 0.254320000000060E+03  0.200709127795671E+05  0.251432749667063E+06
0.170000000000043E-06 0.257300000000063E+03  0.202520823152927E+05  0.246439629009449E+06
0.172000000000045E-06 0.260280000000067E+03  0.166015957863889E+05  0.247541121553623E+06
0.174000000000047E-06 0.263260000000070E+03  0.277024766013362E+05  0.244879522139767E+06
0.176000000000049E-06 0.266240000000074E+03  0.329269490447107E+05  0.242759369384948E+06
0.178000000000052E-06 0.269220000000077E+03  0.301654554534694E+05  0.244357709053329E+06
0.180000000000054E-06 0.272200000000080E+03  0.340338529336744E+05  0.232468376353118E+06
0.182000000000056E-06 0.275180000000084E+03  0.402283163674089E+05  0.231327522597864E+06
0.184000000000058E-06 0.278160000000087E+03  0.321491696067808E+05  0.222738671534895E+06
0.186000000000061E-06 0.281140000000090E+03  0.332729486531250E+05  0.219391346487833E+06
0.188000000000063E-06 0.284120000000094E+03  0.358439827831946E+05  0.209997233986100E+06
0.190000000000065E-06 0.287100000000097E+03  0.419064492021404E+05  0.204902972163901E+06
0.192000000000067E-06 0.290080000000101E+03  0.357139832381991E+05  0.196090829231947E+06
0.194000000000070E-06 0.293060000000104E+03  0.370939535108722E+05  0.190787168883744E+06
0.196000000000072E-06 0.296040000000107E+03  0.355473874292102E+05  0.195082508615550E+06
0.198000000000074E-06 0.299020000000111E+03  0.357449399299181E+05  0.187334654121010E+06
0.200000000000077E-06 0.302000000000114E+03  0.455912407619591E+05  0.180599742808614E+06
0.202000000000079E-06 0.304980000000117E+03  0.396403906688230E+05  0.176970173742233E+06
0.204000000000081E-06 0.307960000000121E+03  0.507370247155792E+05  0.173332716040386E+06
0.206000000000083E-06 0.310940000000124E+03  0.492219497663851E+05  0.166662710665294E+06
0.208000000000086E-06 0.313920000000128E+03  0.460912615712263E+05  0.175731322412746E+06
0.210000000000088E-06 0.316900000000131E+03  0.439376665228176E+05  0.150527204042235E+06
0.212000000000090E-06 0.319880000000134E+03  0.541008131433230E+05  0.159471906334589E+06
0.214000000000092E-06 0.322860000000138E+03  0.487641410978519E+05  0.153743771644109E+06
0.216000000000095E-06 0.325840000000141E+03  0.483001803587762E+05  0.147761660729577E+06
0.218000000000097E-06 0.328820000000144E+03  0.498965460281556E+05  0.145104636206229E+06
0.220000000000099E-06 0.331800000000148E+03  0.504786687563975E+05  0.134448300814388E+06
0.222000000000101E-06 0.334780000000151E+03  0.572106110388014E+05  0.128099153351831E+06
0.224000000000104E-06 0.337760000000155E+03  0.573881817133830E+05  0.118584177577645E+06
0.226000000000106E-06 0.340740000000158E+03  0.560698248156895E+05  0.120460629865002E+06
0.228000000000108E-06 0.343720000000161E+03  0.599011212261971E+05  0.109766769127297E+06
0.230000000000111E-06 0.346700000000165E+03  0.566491769147693E+05  0.108659689724939E+06
0.232000000000113E-06 0.349680000000168E+03  0.560162214064023E+05  0.104838448609295E+06
0.234000000000115E-06 0.352660000000171E+03  0.596961820036503E+05  0.107476690768043E+06
0.236000000000117E-06 0.355640000000175E+03  0.636862842303376E+05  0.107592624213445E+06
0.238000000000120E-06 0.358620000000178E+03  0.606774557142778E+05  0.100907503085702E+06
0.240000000000122E-06 0.361600000000182E+03  0.673350814726056E+05  0.108083373601273E+06
0.242000000000124E-06 0.364580000000185E+03  0.642003365190429E+05  0.983046721979977E+05
0.244000000000126E-06 0.367560000000188E+03  0.581375037336518E+05  0.945893036641493E+05
0.246000000000129E-06 0.370540000000192E+03  0.570256260474220E+05  0.973554245314864E+05
0.248000000000131E-06 0.373520000000195E+03  0.625251071771351E+05  0.913646513246224E+05
0.250000000000133E-06 0.376500000000198E+03  0.715805361324636E+05  0.893933609486035E+05
0.252000000000136E-06 0.379480000000202E+03  0.658910338739405E+05  0.828130866590796E+05
0.254000000000138E-06 0.382460000000205E+03  0.763952154686100E+05  0.741498870081984E+05
0.256000000000140E-06 0.385440000000209E+03  0.621892787656487E+05  0.715232581073885E+05
0.258000000000142E-06 0.388420000000212E+03  0.642284185957385E+05  0.651231163067990E+05
0.260000000000145E-06 0.391400000000215E+03  0.655615689697779E+05  0.709048810848941E+05
0.262000000000147E-06 0.394380000000219E+03  0.490617508728054E+05  0.672577903023493E+05
0.264000000000149E-06 0.397360000000222E+03  0.516929226140410E+05  0.674819170995624E+05
0.266000000000151E-06 0.400340000000226E+03  0.554575970696648E+05  0.721074432613726E+05
0.268000000000154E-06 0.403320000000229E+03  0.587302348947954E+05  0.609544537524295E+05
0.270000000000156E-06 0.406300000000232E+03  0.623906026068956E+05  0.541004645124998E+05
0.272000000000158E-06 0.409280000000236E+03  0.577428110780526E+05  0.555253871965913E+05
0.274000000000160E-06 0.412260000000239E+03  0.506834776517229E+05  0.604450228275361E+05
0.276000000000163E-06 0.415240000000243E+03  0.396295056315055E+05  0.594846017593118E+05
0.278000000000165E-06 0.418220000000246E+03  0.470378294134489E+05  0.497970192000598E+05
0.280000000000167E-06 0.421200000000249E+03  0.611976435351691E+05  0.417486051369380E+05
0.282000000000170E-06 0.424180000000253E+03  0.520804453016703E+05  0.393360885432774E+05
0.284000000000172E-06 0.427160000000256E+03  0.544596830975799E+05  0.337076028046120E+05
0.286000000000174E-06 0.430140000000259E+03  0.503984623093718E+05  0.335104506020570E+05
0.288000000000176E-06 0.433120000000263E+03  0.453260587568716E+05  0.354137279531518E+05
0.290000000000179E-06 0.436100000000266E+03  0.525548282369521E+05  0.468011817694923E+05
0.292000000000181E-06 0.439080000000269E+03  0.475091430027035E+05  0.436598591537881E+05
0.294000000000183E-06 0.442060000000273E+03  0.470384326761503E+05  0.621050915334080E+05
0.296000000000185E-06 0.445040000000276E+03  0.503723874631860E+05  0.628036380987676E+05
0.298000000000188E-06 0.448020000000280E+03  0.515487185215488E+05  0.632234911597168E+05
0.300000000000190E-06 0.451000000000283E+03  0.516083946460079E+05  0.533171590404298E+05
0.302000000000192E-06 0.453980000000286E+03  0.502432552746191E+05  0.549499855947806E+05
0.304000000000194E-06 0.456960000000290E+03  0.369348428068863E+05  0.630821518279205E+05
0.306000000000197E-06 0.459940000000293E+03  0.421273819968822E+05  0.560154539075271E+05
0.308000000000199E-06 0.462920000000297E+03  0.395970526233546E+05  0.684400854235959E+05
0.310000000000201E-06 0.465900000000300E+03  0.391440320263480E+05  0.595304730768742E+05
0.312000000000204E-06 0.468880000000303E+03  0.447963788926040E+05  0.606703840101943E+05
0.314000000000206E-06 0.471860000000307E+03  0.396128336476448E+05  0.559233184646851E+05
0.316000000000208E-06 0.474840000000310E+03  0.410569778057099E+05  0.501247981289213E+05
0.318000000000210E-06 0.477820000000313E+03  0.400029119365771E+05  0.376409829957343E+05
0.320000000000213E-06 0.480800000000317E+03  0.406976873928988E+05  0.494384939300415E+05
0.322000000000215E-06 0.483780000000320E+03  0.403166704314335E+05  0.409048659196624E+05
0.324000000000217E-06 0.486760000000324E+03  0.319777066333906E+05  0.424898216280223E+05
0.326000000000219E-06 0.489740000000327E+03  0.449963017353368E+05  0.443500705048930E+05
0.328000000000222E-06 0.492720000000330E+03  0.544905587958729E+05  0.415110963701713E+05
0.330000000000224E-06 0.495700000000334E+03  0.604691651748547E+05  0.333716983590316E+05
0.332000000000226E-06 0.498680000000337E+03  0.470322379068759E+05  0.349625045417940E+05
0.334000000000228E-06 0.501660000000340E+03  0.518709870656899E+05  0.376040635380013E+05
0.336000000000231E-06 0.504640000000344E+03  0.525327945903573E+05  0.297841840260373E+05
0.338000000000233E-06 0.507620000000347E+03  0.344157242878578E+05  0.435705308185206E+05
0.340000000000235E-06 0.510600000000351E+03  0.293900676557162E+05  0.421206837514886E+05
0.342000000000238E-06 0.513580000000354E+03  0.244036896887300E+05  0.332080242995108E+05
0.344000000000240E-06 0.516560000000357E+03  0.236913367896592E+05  0.396479707821915E+05
0.346000000000242E-06 0.519540000000361E+03  0.239766281714153E+05  0.404276318330945E+05
0.348000000000244E-06 0.522520000000364E+03  0.239833761659268E+05  0.282801185513428E+05
0.350000000000247E-06 0.525500000000368E+03  0.445956318592725E+05  0.238870901837027E+05
0.352000000000249E-06 0.528480000000371E+03  0.441489235394548E+05  0.267191862827944E+05
0.354000000000251E-06 0.531460000000374E+03  0.474457286791201E+05  0.392682067448706E+05
0.356000000000253E-06 0.534440000000378E+03  0.472174726520647E+05  0.280594897084026E+05
0.358000000000256E-06 0.537420000000381E+03  0.497173964679867E+05  0.351773208741590E+05
0.360000000000258E-06 0.540400000000384E+03  0.382819380294121E+05  0.404416932669345E+05
0.362000000000260E-06 0.543380000000388E+03  0.434687358161109E+05  0.422461212338137E+05
0.364000000000263E-06 0.546360000000391E+03  0.455745614491071E+05  0.359695353975040E+05
0.366000000000265E-06 0.549340000000395E+03  0.428329982598090E+05  0.466717884362721E+05
0.368000000000267E-06 0.552320000000398E+03  0.471382041930895E+05  0.383870028378682E+05
0.370000000000269E-06 0.555300000000401E+03  0.397742310088937E+05  0.261179459480459E+05
0.372000000000272E-06 0.558280000000405E+03  0.418096397237123E+05  0.276802749766720E+05
0.374000000000274E-06 0.561260000000408E+03  0.313267797607901E+05  0.402193448176846E+05
0.376000000000276E-06 0.564240000000411E+03  0.418694678647802E+05  0.471498107119054E+05
0.378000000000278E-06 0.567220000000415E+03  0.286832139124723E+05  0.530081789504399E+05
0.380000000000281E-06 0.570200000000418E+03  0.304134428852478E+05  0.519270886289068E+05
0.382000000000283E-06 0.573180000000422E+03  0.283372057907748E+05  0.433192201320825E+05
0.384000000000285E-06 0.576160000000425E+03  0.370734792156268E+05  0.483126862595923E+05
0.386000000000287E-06 0.579140000000428E+03  0.426951783182370E+05  0.335991548327952E+05
0.388000000000290E-06 0.582120000000432E+03  0.358224572589430E+05  0.369680898065845E+05
0.390000000000292E-06 0.585100000000435E+03  0.466787087802560E+05  0.345446380672428E+05
0.392000000000294E-06 0.588080000000439E+03  0.436609931002010E+05  0.340789807727801E+05
0.394000000000297E-06 0.591060000000442E+03  0.460898294034918E+05  0.366560794512538E+05
0.396000000000299E-06 0.594040000000445E+03  0.340819479323923E+05  0.373161859477509E+05
0.398000000000301E-06 0.597020000000449E+03  0.373131231563992E+05  0.362215743876441E+05
0.400000000000303E-06 0.600000000000452E+03  0.321430484749404E+05  0.347020140119330E+05
