#  MCS   M-mean   M-sdt Γθ-mean  Γθ-std δθ-mean  δθ-std
     0   0.0847  0.0201  0.5360  0.0165  0.9425  0.0000
     1   0.1827  0.0197  0.4938  0.0151  1.1310  0.0000
     2   0.2929  0.0189  0.4581  0.0150  1.3572  0.0000
     3   0.4092  0.0180  0.4146  0.0165  1.4332  0.1278
     4   0.5119  0.0169  0.3813  0.0163  1.2828  0.1496
     5   0.5917  0.0171  0.3650  0.0211  1.0863  0.1162
     6   0.6534  0.0169  0.3645  0.0208  0.9159  0.0943
     7   0.7019  0.0157  0.3681  0.0191  0.7785  0.0835
     8   0.7407  0.0150  0.3778  0.0225  0.6884  0.0591
     9   0.7726  0.0139  0.3820  0.0217  0.6255  0.0666
    10   0.7997  0.0126  0.3869  0.0242  0.5810  0.0609
    11   0.8226  0.0114  0.3927  0.0259  0.5607  0.0511
    12   0.8429  0.0107  0.3852  0.0251  0.5232  0.0540
    13   0.8605  0.0101  0.3959  0.0273  0.5056  0.0523
    14   0.8761  0.0095  0.3928  0.0267  0.4808  0.0469
    15   0.8895  0.0088  0.3953  0.0279  0.4660  0.0437
    16   0.9012  0.0082  0.3927  0.0258  0.4455  0.0446
    17   0.9117  0.0075  0.4024  0.0285  0.4472  0.0401
    18   0.9210  0.0068  0.3917  0.0259  0.4276  0.0395
    19   0.9293  0.0062  0.3994  0.0263  0.4262  0.0344
    20   0.9366  0.0058  0.3965  0.0264  0.4134  0.0360
    21   0.9430  0.0054  0.3998  0.0283  0.4114  0.0358
    22   0.9487  0.0049  0.3932  0.0280  0.3937  0.0351
    23   0.9536  0.0045  0.4029  0.0317  0.3926  0.0367
    24   0.9580  0.0041  0.4046  0.0322  0.3869  0.0330
    25   0.9618  0.0038  0.4022  0.0293  0.3850  0.0323
    26   0.9653  0.0034  0.4027  0.0282  0.3834  0.0362
    27   0.9684  0.0032  0.4026  0.0317  0.3796  0.0335
    28   0.9711  0.0028  0.4009  0.0320  0.3758  0.0358
    29   0.9735  0.0026  0.4010  0.0338  0.3685  0.0320
    30   0.9756  0.0024  0.4069  0.0296  0.3747  0.0321
    31   0.9775  0.0021  0.3982  0.0334  0.3620  0.0397
    32   0.9791  0.0020  0.4087  0.0369  0.3650  0.0302
    33   0.9805  0.0018  0.4011  0.0329  0.3596  0.0308
    34   0.9817  0.0017  0.4048  0.0341  0.3620  0.0340
    35   0.9828  0.0016  0.4055  0.0362  0.3625  0.0324
    36   0.9838  0.0014  0.4015  0.0311  0.3585  0.0291
    37   0.9846  0.0013  0.4037  0.0328  0.3569  0.0327
    38   0.9853  0.0011  0.4048  0.0321  0.3577  0.0283
    39   0.9859  0.0010  0.4063  0.0334  0.3583  0.0327
    40   0.9865  0.0009  0.4032  0.0344  0.3565  0.0286
    41   0.9869  0.0008  0.4033  0.0292  0.3525  0.0266
    42   0.9874  0.0008  0.4093  0.0320  0.3622  0.0349
    43   0.9877  0.0007  0.3974  0.0352  0.3571  0.0330
    44   0.9880  0.0007  0.4061  0.0355  0.3597  0.0325
    45   0.9883  0.0006  0.4010  0.0349  0.3561  0.0326
    46   0.9885  0.0006  0.4020  0.0366  0.3538  0.0314
    47   0.9887  0.0005  0.4034  0.0350  0.3530  0.0334
    48   0.9888  0.0005  0.4060  0.0379  0.3543  0.0329
    49   0.9890  0.0004  0.4027  0.0380  0.3517  0.0330
    50   0.9892  0.0004  0.4027  0.0336  0.3515  0.0327
    51   0.9892  0.0004  0.4031  0.0378  0.3536  0.0290
    52   0.9893  0.0004  0.3997  0.0336  0.3488  0.0351
    53   0.9894  0.0003  0.4089  0.0380  0.3521  0.0289
    54   0.9895  0.0004  0.4066  0.0334  0.3550  0.0297
    55   0.9895  0.0003  0.4042  0.0313  0.3563  0.0305
    56   0.9895  0.0004  0.4030  0.0336  0.3551  0.0276
    57   0.9896  0.0004  0.4006  0.0296  0.3516  0.0271
    58   0.9897  0.0004  0.4024  0.0290  0.3504  0.0315
    59   0.9897  0.0003  0.4052  0.0370  0.3495  0.0282
    60   0.9897  0.0003  0.4080  0.0334  0.3550  0.0280
    61   0.9898  0.0003  0.4028  0.0343  0.3523  0.0303
    62   0.9898  0.0003  0.4052  0.0370  0.3504  0.0315
    63   0.9898  0.0003  0.4047  0.0360  0.3527  0.0348
    64   0.9898  0.0003  0.4062  0.0359  0.3581  0.0341
    65   0.9898  0.0003  0.3980  0.0371  0.3504  0.0324
    66   0.9898  0.0003  0.4063  0.0364  0.3571  0.0318
    67   0.9898  0.0003  0.4012  0.0349  0.3561  0.0312
    68   0.9898  0.0003  0.4008  0.0338  0.3521  0.0322
    69   0.9898  0.0003  0.4046  0.0371  0.3502  0.0281
    70   0.9898  0.0003  0.4053  0.0311  0.3529  0.0294
    71   0.9898  0.0003  0.4013  0.0363  0.3459  0.0339
    72   0.9898  0.0003  0.4104  0.0376  0.3524  0.0297
    73   0.9898  0.0003  0.4037  0.0349  0.3534  0.0330
    74   0.9898  0.0003  0.4030  0.0338  0.3529  0.0307
    75   0.9899  0.0003  0.4028  0.0335  0.3512  0.0327
    76   0.9899  0.0003  0.4039  0.0375  0.3504  0.0279
    77   0.9898  0.0003  0.4045  0.0302  0.3552  0.0324
    78   0.9898  0.0003  0.3994  0.0332  0.3487  0.0292
    79   0.9898  0.0003  0.4070  0.0342  0.3532  0.0340
    80   0.9898  0.0003  0.4059  0.0360  0.3562  0.0320
    81   0.9898  0.0003  0.3984  0.0333  0.3466  0.0327
    82   0.9898  0.0003  0.4091  0.0353  0.3538  0.0319
    83   0.9899  0.0003  0.4007  0.0358  0.3479  0.0304
    84   0.9898  0.0003  0.4096  0.0362  0.3532  0.0289
    85   0.9898  0.0003  0.4012  0.0297  0.3536  0.0329
    86   0.9898  0.0003  0.3994  0.0386  0.3501  0.0320
    87   0.9898  0.0003  0.4066  0.0345  0.3540  0.0330
    88   0.9898  0.0003  0.4012  0.0333  0.3511  0.0298
    89   0.9898  0.0003  0.4021  0.0340  0.3469  0.0327
    90   0.9898  0.0003  0.4087  0.0376  0.3510  0.0314
    91   0.9898  0.0003  0.4049  0.0339  0.3510  0.0339
    92   0.9898  0.0003  0.4062  0.0385  0.3496  0.0301
    93   0.9898  0.0003  0.4056  0.0318  0.3528  0.0319
    94   0.9898  0.0003  0.4039  0.0334  0.3498  0.0296
    95   0.9898  0.0003  0.4046  0.0315  0.3501  0.0323
    96   0.9898  0.0003  0.4053  0.0352  0.3511  0.0342
    97   0.9898  0.0004  0.4047  0.0375  0.3518  0.0360
    98   0.9898  0.0003  0.4076  0.0388  0.3593  0.0285
   100   0.9898  0.0003  0.3967  0.0310  0.3524  0.0361
