#  MCS   M-mean   M-sdt Γθ-mean  Γθ-std δθ-mean  δθ-std
     0   0.0838  0.0202  0.5375  0.0145  0.9425  0.0000
     1   0.1819  0.0197  0.4955  0.0159  1.1310  0.0000
     2   0.2912  0.0193  0.4563  0.0154  1.3572  0.0000
     3   0.4080  0.0182  0.4180  0.0143  1.6286  0.0000
     4   0.5192  0.0149  0.3675  0.0172  1.9543  0.0000
     5   0.6157  0.0123  0.3136  0.0141  2.3452  0.0000
     6   0.6900  0.0110  0.2549  0.0136  2.8142  0.0000
     7   0.7416  0.0095  0.2010  0.0121  3.1416  0.0000
     8   0.7766  0.0087  0.1649  0.0116  3.1416  0.0000
     9   0.8028  0.0081  0.1496  0.0118  3.1416  0.0000
    10   0.8229  0.0069  0.1346  0.0117  3.1416  0.0000
    11   0.8393  0.0062  0.1276  0.0112  3.1416  0.0000
    12   0.8536  0.0057  0.1219  0.0109  3.1416  0.0000
    13   0.8654  0.0055  0.1141  0.0098  3.1416  0.0000
    14   0.8757  0.0051  0.1103  0.0086  3.1416  0.0000
    15   0.8850  0.0048  0.1059  0.0087  3.1416  0.0000
    16   0.8927  0.0044  0.0993  0.0097  3.1416  0.0000
    17   0.9000  0.0042  0.0980  0.0081  3.1290  0.0880
    18   0.9064  0.0039  0.0949  0.0087  3.1165  0.1231
    19   0.9124  0.0037  0.0950  0.0099  3.1014  0.1496
    20   0.9178  0.0034  0.0913  0.0114  3.0486  0.2174
    21   0.9226  0.0031  0.0914  0.0105  2.9722  0.2756
    22   0.9271  0.0030  0.0926  0.0126  2.9006  0.3005
    23   0.9312  0.0031  0.0909  0.0134  2.7918  0.3096
    24   0.9352  0.0030  0.0936  0.0144  2.6759  0.2787
    25   0.9389  0.0028  0.0954  0.0121  2.6193  0.2395
    26   0.9423  0.0027  0.0933  0.0112  2.5397  0.2368
    27   0.9455  0.0026  0.0936  0.0123  2.4776  0.1890
    28   0.9484  0.0024  0.0942  0.0115  2.4625  0.1707
    29   0.9512  0.0023  0.0934  0.0114  2.4250  0.1877
    30   0.9537  0.0022  0.0920  0.0124  2.3486  0.2210
    31   0.9560  0.0020  0.0929  0.0121  2.3147  0.2303
    32   0.9582  0.0020  0.0938  0.0135  2.2516  0.2358
    33   0.9602  0.0019  0.0955  0.0139  2.2218  0.2324
    34   0.9621  0.0019  0.0964  0.0140  2.1779  0.2201
    35   0.9638  0.0018  0.0942  0.0114  2.1295  0.2123
    36   0.9655  0.0017  0.0949  0.0124  2.0804  0.1948
    37   0.9672  0.0016  0.0967  0.0127  2.0350  0.1622
    38   0.9687  0.0016  0.0973  0.0113  2.0275  0.1656
    39   0.9701  0.0015  0.0956  0.0122  1.9877  0.1289
    40   0.9713  0.0014  0.0963  0.0122  1.9558  0.1168
    41   0.9725  0.0014  0.0955  0.0107  1.9349  0.1469
    42   0.9736  0.0014  0.0963  0.0133  1.9212  0.1424
    43   0.9747  0.0013  0.0956  0.0119  1.8978  0.1511
    44   0.9756  0.0013  0.0966  0.0127  1.8907  0.1538
    45   0.9765  0.0012  0.0955  0.0139  1.8747  0.1742
    46   0.9773  0.0011  0.0959  0.0136  1.8605  0.1599
    47   0.9781  0.0011  0.0957  0.0124  1.8404  0.1609
    48   0.9788  0.0010  0.0948  0.0125  1.8068  0.1718
    49   0.9794  0.0010  0.0974  0.0125  1.7928  0.1734
    50   0.9801  0.0010  0.0960  0.0143  1.7770  0.1767
    51   0.9807  0.0010  0.0975  0.0145  1.7645  0.1643
    52   0.9812  0.0010  0.0966  0.0132  1.7284  0.1656
    53   0.9818  0.0009  0.0967  0.0131  1.7046  0.1765
    54   0.9823  0.0009  0.0992  0.0130  1.6904  0.1689
    55   0.9827  0.0009  0.0989  0.0137  1.6777  0.1627
    56   0.9832  0.0008  0.0966  0.0142  1.6511  0.1521
    57   0.9836  0.0008  0.0988  0.0134  1.6490  0.1474
    58   0.9839  0.0007  0.0990  0.0122  1.6211  0.1336
    59   0.9843  0.0007  0.0995  0.0145  1.6047  0.1358
    60   0.9846  0.0006  0.1001  0.0118  1.5990  0.1329
    61   0.9849  0.0006  0.0999  0.0137  1.5919  0.1359
    62   0.9852  0.0006  0.1028  0.0126  1.6041  0.1316
    63   0.9854  0.0006  0.0982  0.0114  1.5968  0.1437
    64   0.9856  0.0006  0.1001  0.0130  1.5997  0.1342
    65   0.9859  0.0006  0.0987  0.0131  1.5744  0.1130
    66   0.9861  0.0005  0.0987  0.0113  1.5659  0.1175
    67   0.9863  0.0005  0.1014  0.0117  1.5630  0.1221
    68   0.9865  0.0005  0.1002  0.0118  1.5604  0.1225
    69   0.9867  0.0005  0.0997  0.0123  1.5470  0.1232
    70   0.9869  0.0004  0.1015  0.0131  1.5585  0.1291
    71   0.9870  0.0004  0.1008  0.0114  1.5677  0.1190
    72   0.9872  0.0004  0.0990  0.0109  1.5691  0.1170
    73   0.9873  0.0004  0.0983  0.0119  1.5694  0.1068
    74   0.9875  0.0004  0.0972  0.0105  1.5618  0.1156
    75   0.9876  0.0004  0.0969  0.0114  1.5517  0.1067
    76   0.9877  0.0004  0.1006  0.0123  1.5523  0.1108
    77   0.9878  0.0004  0.0967  0.0115  1.5303  0.1235
    78   0.9880  0.0004  0.0979  0.0103  1.5310  0.1135
    79   0.9881  0.0004  0.0993  0.0112  1.5285  0.1126
    80   0.9882  0.0003  0.0984  0.0121  1.5198  0.1112
    81   0.9882  0.0003  0.0985  0.0127  1.5232  0.1161
    82   0.9883  0.0003  0.0982  0.0125  1.5073  0.1162
    83   0.9884  0.0003  0.0991  0.0130  1.5062  0.1136
    84   0.9884  0.0003  0.0982  0.0124  1.4997  0.1194
    85   0.9885  0.0003  0.1019  0.0114  1.5115  0.1115
    86   0.9886  0.0003  0.0995  0.0133  1.5110  0.1173
    87   0.9886  0.0003  0.0973  0.0110  1.4969  0.1152
    88   0.9887  0.0003  0.1000  0.0117  1.4984  0.1232
    89   0.9887  0.0003  0.1006  0.0118  1.5010  0.1105
    90   0.9888  0.0003  0.0999  0.0118  1.4955  0.1135
    91   0.9889  0.0003  0.1004  0.0115  1.4995  0.1115
    92   0.9889  0.0003  0.0999  0.0111  1.5061  0.1139
    93   0.9889  0.0003  0.1006  0.0119  1.5027  0.1092
    94   0.9890  0.0003  0.1002  0.0122  1.5230  0.0955
    95   0.9890  0.0003  0.0972  0.0111  1.5123  0.1030
    96   0.9891  0.0003  0.0979  0.0116  1.5159  0.1030
    97   0.9891  0.0003  0.0990  0.0105  1.5152  0.1022
    98   0.9892  0.0003  0.0979  0.0123  1.5009  0.1058
   100   0.9892  0.0004  0.0992  0.0129  1.4888  0.1014
