#  MCS   M-mean   M-sdt Γθ-mean  Γθ-std δθ-mean  δθ-std
     0   0.0848  0.0200  0.5377  0.0170  0.6283  0.0000
     1   0.1499  0.0194  0.5124  0.0158  0.5027  0.0000
     2   0.2007  0.0191  0.5108  0.0168  0.4021  0.0000
     3   0.2410  0.0188  0.5204  0.0169  0.3217  0.0000
     4   0.2728  0.0183  0.5348  0.0159  0.2574  0.0000
     5   0.2977  0.0181  0.5563  0.0171  0.2059  0.0000
     6   0.3175  0.0181  0.5743  0.0172  0.1647  0.0000
     7   0.3331  0.0181  0.6001  0.0163  0.1318  0.0000
     8   0.3454  0.0180  0.6243  0.0140  0.1054  0.0000
     9   0.3550  0.0180  0.6476  0.0150  0.0843  0.0000
    10   0.3626  0.0179  0.6764  0.0132  0.0675  0.0000
    11   0.3683  0.0178  0.7011  0.0144  0.0540  0.0000
    12   0.3727  0.0177  0.7275  0.0149  0.0432  0.0000
    13   0.3761  0.0177  0.7577  0.0126  0.0345  0.0000
    14   0.3785  0.0176  0.7809  0.0136  0.0276  0.0000
    15   0.3804  0.0176  0.8085  0.0126  0.0221  0.0000
    16   0.3816  0.0176  0.8341  0.0111  0.0177  0.0000
    17   0.3826  0.0176  0.8553  0.0127  0.0142  0.0007
    18   0.3832  0.0176  0.8757  0.0110  0.0125  0.0014
    19   0.3837  0.0176  0.8865  0.0138  0.0116  0.0009
    20   0.3842  0.0176  0.8940  0.0117  0.0114  0.0008
    21   0.3847  0.0176  0.8961  0.0114  0.0112  0.0006
    22   0.3851  0.0176  0.8954  0.0106  0.0111  0.0007
    23   0.3856  0.0176  0.8969  0.0103  0.0110  0.0009
    24   0.3860  0.0176  0.8976  0.0113  0.0109  0.0009
    25   0.3864  0.0176  0.9002  0.0125  0.0109  0.0009
    26   0.3868  0.0176  0.8987  0.0112  0.0108  0.0008
    27   0.3872  0.0176  0.8992  0.0111  0.0108  0.0009
    28   0.3876  0.0176  0.9011  0.0115  0.0109  0.0009
    29   0.3880  0.0176  0.8995  0.0117  0.0109  0.0008
    30   0.3885  0.0176  0.8988  0.0120  0.0108  0.0009
    31   0.3889  0.0176  0.8997  0.0117  0.0108  0.0009
    32   0.3893  0.0177  0.9006  0.0115  0.0109  0.0009
    33   0.3897  0.0176  0.8990  0.0120  0.0108  0.0009
    34   0.3901  0.0177  0.8976  0.0118  0.0108  0.0008
    35   0.3906  0.0177  0.8977  0.0127  0.0107  0.0009
    36   0.3910  0.0177  0.9004  0.0118  0.0107  0.0009
    37   0.3914  0.0177  0.9028  0.0134  0.0108  0.0008
    38   0.3918  0.0177  0.8997  0.0124  0.0108  0.0010
    39   0.3922  0.0177  0.9003  0.0113  0.0108  0.0008
    40   0.3926  0.0177  0.9012  0.0101  0.0108  0.0009
    41   0.3930  0.0177  0.8995  0.0112  0.0108  0.0008
    42   0.3934  0.0177  0.9000  0.0117  0.0108  0.0008
    43   0.3938  0.0177  0.9019  0.0116  0.0109  0.0008
    44   0.3942  0.0177  0.8982  0.0113  0.0108  0.0009
    45   0.3947  0.0177  0.8994  0.0111  0.0109  0.0008
    46   0.3951  0.0177  0.8993  0.0105  0.0108  0.0009
    47   0.3955  0.0177  0.8981  0.0120  0.0107  0.0008
    48   0.3959  0.0177  0.9010  0.0109  0.0107  0.0008
    49   0.3963  0.0177  0.8992  0.0111  0.0107  0.0008
    50   0.3967  0.0177  0.9011  0.0105  0.0108  0.0008
    51   0.3971  0.0177  0.8990  0.0117  0.0107  0.0007
    52   0.3975  0.0177  0.8993  0.0108  0.0106  0.0007
    53   0.3979  0.0177  0.9025  0.0112  0.0108  0.0006
    54   0.3983  0.0177  0.9021  0.0104  0.0109  0.0007
    55   0.3987  0.0177  0.8977  0.0111  0.0108  0.0007
    56   0.3991  0.0178  0.8986  0.0116  0.0107  0.0008
    57   0.3995  0.0178  0.9016  0.0093  0.0107  0.0008
    58   0.3999  0.0177  0.9019  0.0103  0.0108  0.0006
    59   0.4003  0.0177  0.9014  0.0083  0.0108  0.0007
    60   0.4007  0.0177  0.9009  0.0104  0.0108  0.0007
    61   0.4011  0.0177  0.9000  0.0094  0.0108  0.0006
    62   0.4015  0.0177  0.8991  0.0096  0.0107  0.0007
    63   0.4019  0.0177  0.9007  0.0115  0.0107  0.0006
    64   0.4023  0.0177  0.9000  0.0106  0.0107  0.0008
    65   0.4028  0.0177  0.9006  0.0114  0.0108  0.0008
    66   0.4032  0.0177  0.9015  0.0110  0.0108  0.0008
    67   0.4036  0.0177  0.8981  0.0122  0.0107  0.0008
    68   0.4040  0.0177  0.9019  0.0104  0.0107  0.0008
    69   0.4044  0.0177  0.9005  0.0112  0.0107  0.0009
    70   0.4048  0.0178  0.9012  0.0121  0.0109  0.0008
    71   0.4052  0.0177  0.9006  0.0114  0.0109  0.0008
    72   0.4056  0.0177  0.8994  0.0107  0.0107  0.0009
    73   0.4061  0.0177  0.9010  0.0116  0.0108  0.0009
    74   0.4065  0.0177  0.8999  0.0102  0.0108  0.0009
    75   0.4069  0.0177  0.9015  0.0105  0.0108  0.0009
    76   0.4073  0.0176  0.9006  0.0103  0.0108  0.0008
    77   0.4077  0.0176  0.9014  0.0121  0.0108  0.0009
    78   0.4081  0.0176  0.9019  0.0108  0.0109  0.0009
    79   0.4085  0.0176  0.8997  0.0109  0.0110  0.0009
    80   0.4089  0.0176  0.8987  0.0121  0.0110  0.0009
    81   0.4093  0.0176  0.8989  0.0106  0.0110  0.0009
    82   0.4097  0.0176  0.8984  0.0110  0.0108  0.0009
    83   0.4102  0.0176  0.8991  0.0111  0.0107  0.0009
    84   0.4106  0.0176  0.9014  0.0108  0.0107  0.0008
    85   0.4109  0.0176  0.9021  0.0100  0.0108  0.0009
    86   0.4114  0.0176  0.9009  0.0107  0.0108  0.0009
    87   0.4118  0.0176  0.9012  0.0097  0.0109  0.0009
    88   0.4122  0.0176  0.9032  0.0106  0.0109  0.0009
    89   0.4126  0.0176  0.9008  0.0118  0.0108  0.0009
    90   0.4130  0.0176  0.9013  0.0123  0.0109  0.0009
    91   0.4134  0.0176  0.8992  0.0095  0.0108  0.0009
    92   0.4138  0.0176  0.9001  0.0109  0.0108  0.0009
    93   0.4142  0.0176  0.9008  0.0107  0.0109  0.0008
    94   0.4147  0.0176  0.9023  0.0099  0.0110  0.0008
    95   0.4151  0.0176  0.9007  0.0102  0.0110  0.0008
    96   0.4155  0.0176  0.8999  0.0098  0.0109  0.0009
    97   0.4159  0.0176  0.9007  0.0111  0.0110  0.0009
    98   0.4164  0.0176  0.8998  0.0114  0.0111  0.0009
   100   0.4168  0.0176  0.8983  0.0113  0.0109  0.0009
