#                t(s)                  T(K)             M_ZFC(A/m)              M_FC(A/m)
0.200000000000000E-08 0.698000000000000E+01  0.141848820419113E+05  0.291460621496012E+06
0.400000000000002E-08 0.996000000000003E+01  0.144531971300983E+05  0.291375005602062E+06
0.599999999999997E-08 0.129400000000000E+02  0.145744444558654E+05  0.290761817045764E+06
0.799999999999992E-08 0.159199999999999E+02  0.137634117763937E+05  0.290610319228097E+06
0.999999999999988E-08 0.188999999999998E+02  0.139026412936791E+05  0.290658212643416E+06
0.119999999999998E-07 0.218799999999997E+02  0.137922480348321E+05  0.288927840657835E+06
0.139999999999998E-07 0.248599999999997E+02  0.149754994998561E+05  0.288184324532440E+06
0.159999999999999E-07 0.278399999999999E+02  0.145727268910504E+05  0.290203041430319E+06
0.180000000000002E-07 0.308200000000003E+02  0.148472077255029E+05  0.289057406906460E+06
0.200000000000005E-07 0.338000000000007E+02  0.160600490173434E+05  0.288208629394417E+06
0.220000000000008E-07 0.367800000000011E+02  0.136668582205895E+05  0.287570012877381E+06
0.240000000000010E-07 0.397600000000016E+02  0.150499318254127E+05  0.287421265299981E+06
0.260000000000013E-07 0.427400000000020E+02  0.168142176597920E+05  0.288187749408098E+06
0.280000000000016E-07 0.457200000000024E+02  0.148075265190184E+05  0.289621932918029E+06
0.300000000000018E-07 0.487000000000027E+02  0.165054260700281E+05  0.287833499557784E+06
0.320000000000014E-07 0.516800000000022E+02  0.150590191739870E+05  0.290286245205763E+06
0.340000000000011E-07 0.546600000000016E+02  0.165548371594988E+05  0.288102424263103E+06
0.360000000000007E-07 0.576400000000010E+02  0.144504172350428E+05  0.287328469968927E+06
0.380000000000003E-07 0.606200000000005E+02  0.154676056536360E+05  0.285696513394769E+06
0.399999999999999E-07 0.635999999999999E+02  0.154709966961066E+05  0.287320539364094E+06
0.419999999999995E-07 0.665799999999993E+02  0.132987470441117E+05  0.291294170691143E+06
0.439999999999992E-07 0.695599999999988E+02  0.132331202508404E+05  0.286666734599975E+06
0.459999999999988E-07 0.725399999999982E+02  0.140206475698697E+05  0.285476019987984E+06
0.479999999999984E-07 0.755199999999976E+02  0.158032345109867E+05  0.285828219923304E+06
0.499999999999980E-07 0.784999999999971E+02  0.155751134625924E+05  0.285232446916276E+06
0.519999999999977E-07 0.814799999999965E+02  0.157349643500057E+05  0.285753078482937E+06
0.539999999999973E-07 0.844599999999959E+02  0.146131465307972E+05  0.286582203124168E+06
0.559999999999969E-07 0.874399999999954E+02  0.157269549368845E+05  0.285842491804642E+06
0.579999999999965E-07 0.904199999999948E+02  0.148020661358249E+05  0.285702261210181E+06
0.599999999999961E-07 0.933999999999943E+02  0.154062191953237E+05  0.284049436308147E+06
0.619999999999958E-07 0.963799999999937E+02  0.134341398902281E+05  0.283938318542887E+06
0.639999999999954E-07 0.993599999999931E+02  0.148962729505665E+05  0.285132782459780E+06
0.659999999999950E-07 0.102339999999993E+03  0.170328266205784E+05  0.285476746668619E+06
0.679999999999946E-07 0.105319999999992E+03  0.157868285267677E+05  0.280411793178140E+06
0.699999999999942E-07 0.108299999999991E+03  0.109022843118111E+05  0.284559792483235E+06
0.719999999999939E-07 0.111279999999991E+03  0.163689273377501E+05  0.288100620807480E+06
0.739999999999935E-07 0.114259999999990E+03  0.147812241356914E+05  0.279497964340443E+06
0.759999999999931E-07 0.117239999999990E+03  0.113081602299583E+05  0.278136895144429E+06
0.779999999999927E-07 0.120219999999989E+03  0.158956551707538E+05  0.280468018859580E+06
0.799999999999924E-07 0.123199999999989E+03  0.122572064885373E+05  0.281408488743433E+06
0.819999999999920E-07 0.126179999999988E+03  0.135168165453865E+05  0.283411779045291E+06
0.839999999999916E-07 0.129159999999987E+03  0.129229963583864E+05  0.281064951216266E+06
0.859999999999912E-07 0.132139999999987E+03  0.136468820433061E+05  0.279139235552038E+06
0.879999999999908E-07 0.135119999999986E+03  0.132686334606749E+05  0.280275277831050E+06
0.899999999999905E-07 0.138099999999986E+03  0.213809561899136E+05  0.277646868508179E+06
0.919999999999901E-07 0.141079999999985E+03  0.146348287085189E+05  0.281216416173310E+06
0.939999999999897E-07 0.144059999999985E+03  0.106551291061412E+05  0.280997336207936E+06
0.959999999999893E-07 0.147039999999984E+03  0.161442283925892E+05  0.280526914720145E+06
0.979999999999889E-07 0.150019999999984E+03  0.171624463567865E+05  0.279443616524306E+06
0.999999999999886E-07 0.152999999999983E+03  0.155547450961730E+05  0.279443401571169E+06
0.101999999999988E-06 0.155979999999982E+03  0.142545408241135E+05  0.279627308458051E+06
0.103999999999988E-06 0.158959999999982E+03  0.167267301768231E+05  0.277666333806137E+06
0.105999999999987E-06 0.161939999999981E+03  0.115538234509725E+05  0.277701045188586E+06
0.107999999999987E-06 0.164919999999981E+03  0.141773833207011E+05  0.276838338903259E+06
0.109999999999987E-06 0.167899999999980E+03  0.178852769426710E+05  0.276134220688295E+06
0.111999999999986E-06 0.170879999999980E+03  0.159814378723271E+05  0.279697341843639E+06
0.113999999999986E-06 0.173859999999979E+03  0.227250049338249E+05  0.278721406320289E+06
0.115999999999986E-06 0.176839999999978E+03  0.168596806133024E+05  0.274898052383501E+06
0.117999999999985E-06 0.179819999999978E+03  0.165751886342992E+05  0.271447955531475E+06
0.119999999999986E-06 0.182799999999979E+03  0.199806354000569E+05  0.274258871750405E+06
0.121999999999988E-06 0.185779999999982E+03  0.194172408623039E+05  0.275410427602276E+06
0.123999999999990E-06 0.188759999999986E+03  0.214234500824763E+05  0.269052916626000E+06
0.125999999999993E-06 0.191739999999989E+03  0.218312283378957E+05  0.269358980021839E+06
0.127999999999995E-06 0.194719999999992E+03  0.242125247577171E+05  0.271777167848294E+06
0.129999999999997E-06 0.197699999999996E+03  0.163067162455173E+05  0.265996606849136E+06
0.131999999999999E-06 0.200679999999999E+03  0.151350842218411E+05  0.268512551391199E+06
0.134000000000002E-06 0.203660000000003E+03  0.244959674491169E+05  0.267598071491445E+06
0.136000000000004E-06 0.206640000000006E+03  0.235287598433444E+05  0.268327096999051E+06
0.138000000000006E-06 0.209620000000009E+03  0.212518528122750E+05  0.265402187036083E+06
0.140000000000009E-06 0.212600000000013E+03  0.304435239757036E+05  0.269365901043513E+06
0.142000000000011E-06 0.215580000000016E+03  0.257069183109147E+05  0.263845006355904E+06
0.144000000000013E-06 0.218560000000019E+03  0.278460360868665E+05  0.263425373560790E+06
0.146000000000015E-06 0.221540000000023E+03  0.307828813569108E+05  0.264017115570977E+06
0.148000000000018E-06 0.224520000000026E+03  0.247685604472109E+05  0.263203481967756E+06
0.150000000000020E-06 0.227500000000030E+03  0.300459655956921E+05  0.258073867695024E+06
0.152000000000022E-06 0.230480000000033E+03  0.235778840812606E+05  0.253949802683255E+06
0.154000000000024E-06 0.233460000000036E+03  0.252230854513380E+05  0.257630013060125E+06
0.156000000000027E-06 0.236440000000040E+03  0.278145226878268E+05  0.256540559927947E+06
0.158000000000029E-06 0.239420000000043E+03  0.281874599503631E+05  0.257249688782311E+06
0.160000000000031E-06 0.242400000000046E+03  0.292425589651959E+05  0.251998667108554E+06
0.162000000000033E-06 0.245380000000050E+03  0.300574586980633E+05  0.251765998900023E+06
0.164000000000036E-06 0.248360000000053E+03  0.294061482028225E+05  0.246859136969541E+06
0.166000000000038E-06 0.251340000000057E+03  0.273775535111312E+05  0.246434162031873E+06
0.168000000000040E-06 0.254320000000060E+03  0.311871342658635E+05  0.246154046827439E+06
0.170000000000043E-06 0.257300000000063E+03  0.330818201440976E+05  0.242329685329717E+06
0.172000000000045E-06 0.260280000000067E+03  0.280696733057741E+05  0.240778917449261E+06
0.174000000000047E-06 0.263260000000070E+03  0.350466955391060E+05  0.237503452755578E+06
0.176000000000049E-06 0.266240000000074E+03  0.314623866678203E+05  0.233428628332483E+06
0.178000000000052E-06 0.269220000000077E+03  0.256994274612051E+05  0.221710840204886E+06
0.180000000000054E-06 0.272200000000080E+03  0.319611677601869E+05  0.228311262080412E+06
0.182000000000056E-06 0.275180000000084E+03  0.323028991131344E+05  0.227611655909851E+06
0.184000000000058E-06 0.278160000000087E+03  0.472126305778033E+05  0.218472626860258E+06
0.186000000000061E-06 0.281140000000090E+03  0.395698774850158E+05  0.213168418724203E+06
0.188000000000063E-06 0.284120000000094E+03  0.408911851047721E+05  0.216931674082931E+06
0.190000000000065E-06 0.287100000000097E+03  0.387908440247016E+05  0.213730755302519E+06
0.192000000000067E-06 0.290080000000101E+03  0.410297499236982E+05  0.213359738662041E+06
0.194000000000070E-06 0.293060000000104E+03  0.435260060094537E+05  0.206465839143060E+06
0.196000000000072E-06 0.296040000000107E+03  0.450675035200245E+05  0.204031235454260E+06
0.198000000000074E-06 0.299020000000111E+03  0.403244614639691E+05  0.191975681429970E+06
0.200000000000077E-06 0.302000000000114E+03  0.440437308500517E+05  0.190092187224393E+06
0.202000000000079E-06 0.304980000000117E+03  0.434643389246635E+05  0.175484710816013E+06
0.204000000000081E-06 0.307960000000121E+03  0.500372826119861E+05  0.182115489313506E+06
0.206000000000083E-06 0.310940000000124E+03  0.560580052110990E+05  0.179603875364328E+06
0.208000000000086E-06 0.313920000000128E+03  0.666975750870147E+05  0.171249246369985E+06
0.210000000000088E-06 0.316900000000131E+03  0.606125957411718E+05  0.162052448976833E+06
0.212000000000090E-06 0.319880000000134E+03  0.567419046968016E+05  0.161798891912397E+06
0.214000000000092E-06 0.322860000000138E+03  0.602714800895673E+05  0.154992073813844E+06
0.216000000000095E-06 0.325840000000141E+03  0.628611930900804E+05  0.143901927700785E+06
0.218000000000097E-06 0.328820000000144E+03  0.584210257450011E+05  0.133276791941529E+06
0.220000000000099E-06 0.331800000000148E+03  0.636175448317779E+05  0.130086751817974E+06
0.222000000000101E-06 0.334780000000151E+03  0.654170321657903E+05  0.124170908391968E+06
0.224000000000104E-06 0.337760000000155E+03  0.620804532342924E+05  0.121668298899914E+06
0.226000000000106E-06 0.340740000000158E+03  0.548538882549628E+05  0.117576969398074E+06
0.228000000000108E-06 0.343720000000161E+03  0.575160939870204E+05  0.118269882950585E+06
0.230000000000111E-06 0.346700000000165E+03  0.579687159822606E+05  0.111392426824937E+06
0.232000000000113E-06 0.349680000000168E+03  0.496426572485776E+05  0.102672010783493E+06
0.234000000000115E-06 0.352660000000171E+03  0.532072233148221E+05  0.101175386261226E+06
0.236000000000117E-06 0.355640000000175E+03  0.567643155150484E+05  0.944169968957242E+05
0.238000000000120E-06 0.358620000000178E+03  0.637922891184212E+05  0.995839631546936E+05
0.240000000000122E-06 0.361600000000182E+03  0.544540039875162E+05  0.102252916012872E+06
0.242000000000124E-06 0.364580000000185E+03  0.665368608143191E+05  0.953626175628341E+05
0.244000000000126E-06 0.367560000000188E+03  0.648937497621107E+05  0.835835529086749E+05
0.246000000000129E-06 0.370540000000192E+03  0.623066963870013E+05  0.885292456453212E+05
0.248000000000131E-06 0.373520000000195E+03  0.573591182052481E+05  0.824326857603503E+05
0.250000000000133E-06 0.376500000000198E+03  0.634200556826696E+05  0.872893069241696E+05
0.252000000000136E-06 0.379480000000202E+03  0.711662655719218E+05  0.779669068578639E+05
0.254000000000138E-06 0.382460000000205E+03  0.599239493071618E+05  0.786127006874524E+05
0.256000000000140E-06 0.385440000000209E+03  0.595636652387558E+05  0.788863619745154E+05
0.258000000000142E-06 0.388420000000212E+03  0.594012906701027E+05  0.877044382409643E+05
0.260000000000145E-06 0.391400000000215E+03  0.641604131720119E+05  0.686825022838850E+05
0.262000000000147E-06 0.394380000000219E+03  0.601219373448929E+05  0.688830791556488E+05
0.264000000000149E-06 0.397360000000222E+03  0.609330213548092E+05  0.663260509164312E+05
0.266000000000151E-06 0.400340000000226E+03  0.555162543937745E+05  0.457228209811907E+05
0.268000000000154E-06 0.403320000000229E+03  0.577177923548616E+05  0.529116167609258E+05
0.270000000000156E-06 0.406300000000232E+03  0.593730499985576E+05  0.547876055631227E+05
0.272000000000158E-06 0.409280000000236E+03  0.530755814065969E+05  0.577883330262902E+05
0.274000000000160E-06 0.412260000000239E+03  0.544237351493780E+05  0.616347994802769E+05
0.276000000000163E-06 0.415240000000243E+03  0.519724058315856E+05  0.598423234861825E+05
0.278000000000165E-06 0.418220000000246E+03  0.554382614587813E+05  0.505426037380052E+05
0.280000000000167E-06 0.421200000000249E+03  0.640431963516384E+05  0.544863828389844E+05
0.282000000000170E-06 0.424180000000253E+03  0.566603753253182E+05  0.525932789789264E+05
0.284000000000172E-06 0.427160000000256E+03  0.560977185315063E+05  0.486045225736076E+05
0.286000000000174E-06 0.430140000000259E+03  0.633226780766028E+05  0.529074664540648E+05
0.288000000000176E-06 0.433120000000263E+03  0.484223920934405E+05  0.550844316028844E+05
0.290000000000179E-06 0.436100000000266E+03  0.435403752805830E+05  0.536007331451983E+05
0.292000000000181E-06 0.439080000000269E+03  0.474813244513445E+05  0.539423398290750E+05
0.294000000000183E-06 0.442060000000273E+03  0.530238425257845E+05  0.475848778677112E+05
0.296000000000185E-06 0.445040000000276E+03  0.461168872646646E+05  0.573409886659190E+05
0.298000000000188E-06 0.448020000000280E+03  0.466413257539656E+05  0.550179864817315E+05
0.300000000000190E-06 0.451000000000283E+03  0.484626338633830E+05  0.613223900259104E+05
0.302000000000192E-06 0.453980000000286E+03  0.462341513717304E+05  0.670150426353817E+05
0.304000000000194E-06 0.456960000000290E+03  0.480680022045848E+05  0.714503689075713E+05
0.306000000000197E-06 0.459940000000293E+03  0.395027802713366E+05  0.764138072584335E+05
0.308000000000199E-06 0.462920000000297E+03  0.416708661417140E+05  0.704185524681280E+05
0.310000000000201E-06 0.465900000000300E+03  0.444257557483377E+05  0.797989399090943E+05
0.312000000000204E-06 0.468880000000303E+03  0.386817482732534E+05  0.631688297543408E+05
0.314000000000206E-06 0.471860000000307E+03  0.494451946330043E+05  0.634760741424397E+05
0.316000000000208E-06 0.474840000000310E+03  0.431130963571134E+05  0.598110537337139E+05
0.318000000000210E-06 0.477820000000313E+03  0.428857919074982E+05  0.498698059619206E+05
0.320000000000213E-06 0.480800000000317E+03  0.473393328961214E+05  0.449851699114069E+05
0.322000000000215E-06 0.483780000000320E+03  0.539681215347850E+05  0.471250855979356E+05
0.324000000000217E-06 0.486760000000324E+03  0.401505061870894E+05  0.473850976853770E+05
0.326000000000219E-06 0.489740000000327E+03  0.372995574614936E+05  0.395128525132487E+05
0.328000000000222E-06 0.492720000000330E+03  0.505526491912178E+05  0.504039773782579E+05
0.330000000000224E-06 0.495700000000334E+03  0.464517401179920E+05  0.469307562569081E+05
0.332000000000226E-06 0.498680000000337E+03  0.584910739352299E+05  0.478313385499883E+05
0.334000000000228E-06 0.501660000000340E+03  0.620165012618248E+05  0.383597944039361E+05
0.336000000000231E-06 0.504640000000344E+03  0.465216095553901E+05  0.396237515817708E+05
0.338000000000233E-06 0.507620000000347E+03  0.465971211229932E+05  0.354510600061887E+05
0.340000000000235E-06 0.510600000000351E+03  0.427576770815156E+05  0.423235308129287E+05
0.342000000000238E-06 0.513580000000354E+03  0.481196617427223E+05  0.559288861382043E+05
0.344000000000240E-06 0.516560000000357E+03  0.410796443555423E+05  0.576074711425797E+05
0.346000000000242E-06 0.519540000000361E+03  0.480454538082375E+05  0.580443179931959E+05
0.348000000000244E-06 0.522520000000364E+03  0.539172928342954E+05  0.493279493579807E+05
0.350000000000247E-06 0.525500000000368E+03  0.463524753335691E+05  0.563799767510459E+05
0.352000000000249E-06 0.528480000000371E+03  0.351235372208846E+05  0.465755924414700E+05
0.354000000000251E-06 0.531460000000374E+03  0.424597147710765E+05  0.489608830551168E+05
0.356000000000253E-06 0.534440000000378E+03  0.268995473621663E+05  0.386066010141795E+05
0.358000000000256E-06 0.537420000000381E+03  0.335116764245333E+05  0.569348005487315E+05
0.360000000000258E-06 0.540400000000384E+03  0.357775026016657E+05  0.387169864887653E+05
0.362000000000260E-06 0.543380000000388E+03  0.365326297192744E+05  0.487092558820232E+05
0.364000000000263E-06 0.546360000000391E+03  0.426692747632446E+05  0.409753832230679E+05
0.366000000000265E-06 0.549340000000395E+03  0.384016270927351E+05  0.398256349587808E+05
0.368000000000267E-06 0.552320000000398E+03  0.433844980552834E+05  0.308177680658310E+05
0.370000000000269E-06 0.555300000000401E+03  0.553655119438068E+05  0.293402359759455E+05
0.372000000000272E-06 0.558280000000405E+03  0.524358485446830E+05  0.414751115171805E+05
0.374000000000274E-06 0.561260000000408E+03  0.641565744995351E+05  0.414530073251631E+05
0.376000000000276E-06 0.564240000000411E+03  0.691176761565274E+05  0.574494182560101E+05
0.378000000000278E-06 0.567220000000415E+03  0.605840956267760E+05  0.426274940630772E+05
0.380000000000281E-06 0.570200000000418E+03  0.375782885057092E+05  0.387964613156081E+05
0.382000000000283E-06 0.573180000000422E+03  0.460146510486513E+05  0.346787149177758E+05
0.384000000000285E-06 0.576160000000425E+03  0.560579172768698E+05  0.276630690308129E+05
0.386000000000287E-06 0.579140000000428E+03  0.456803697771120E+05  0.318598938016816E+05
0.388000000000290E-06 0.582120000000432E+03  0.522136751437235E+05  0.428147109361889E+05
0.390000000000292E-06 0.585100000000435E+03  0.484047943264049E+05  0.472135358365957E+05
0.392000000000294E-06 0.588080000000439E+03  0.431603065602161E+05  0.299341513158304E+05
0.394000000000297E-06 0.591060000000442E+03  0.309696395056517E+05  0.363665355999054E+05
0.396000000000299E-06 0.594040000000445E+03  0.392171352078383E+05  0.345001524770333E+05
0.398000000000301E-06 0.597020000000449E+03  0.358592463922112E+05  0.441015973561640E+05
0.400000000000303E-06 0.600000000000452E+03  0.298512579976749E+05  0.376731452406762E+05
