#                t(s)                  T(K)             M_ZFC(A/m)              M_FC(A/m)
0.200000000000000E-08 0.698000000000000E+01  0.171252260504965E+05  0.291460659662972E+06
0.400000000000002E-08 0.996000000000003E+01  0.170447892641339E+05  0.291119450778114E+06
0.599999999999997E-08 0.129400000000000E+02  0.171868134997519E+05  0.291068113157482E+06
0.799999999999992E-08 0.159199999999999E+02  0.159125257650650E+05  0.291701579766357E+06
0.999999999999988E-08 0.188999999999998E+02  0.157410753194925E+05  0.289637633563878E+06
0.119999999999998E-07 0.218799999999997E+02  0.149136507691389E+05  0.290283449152213E+06
0.139999999999998E-07 0.248599999999997E+02  0.169529160087437E+05  0.288571937152886E+06
0.159999999999999E-07 0.278399999999999E+02  0.164499914464076E+05  0.289447487367496E+06
0.180000000000002E-07 0.308200000000003E+02  0.174990123301255E+05  0.288910253668142E+06
0.200000000000005E-07 0.338000000000007E+02  0.164848661613392E+05  0.289091142300973E+06
0.220000000000008E-07 0.367800000000011E+02  0.170373943713475E+05  0.288280214283348E+06
0.240000000000010E-07 0.397600000000016E+02  0.165892578660198E+05  0.289542491863364E+06
0.260000000000013E-07 0.427400000000020E+02  0.177197524142561E+05  0.288412167728873E+06
0.280000000000016E-07 0.457200000000024E+02  0.161533138326910E+05  0.289518898298748E+06
0.300000000000018E-07 0.487000000000027E+02  0.163854161604396E+05  0.287742842050069E+06
0.320000000000014E-07 0.516800000000022E+02  0.174076270676495E+05  0.287482009465834E+06
0.340000000000011E-07 0.546600000000016E+02  0.161037121021332E+05  0.285695338190119E+06
0.360000000000007E-07 0.576400000000010E+02  0.162237053653033E+05  0.284511031387032E+06
0.380000000000003E-07 0.606200000000005E+02  0.167787878729464E+05  0.286160481359197E+06
0.399999999999999E-07 0.635999999999999E+02  0.164269231167801E+05  0.287886462753957E+06
0.419999999999995E-07 0.665799999999993E+02  0.158955698632213E+05  0.284507100862956E+06
0.439999999999992E-07 0.695599999999988E+02  0.144984489699184E+05  0.288671128066282E+06
0.459999999999988E-07 0.725399999999982E+02  0.140898102469741E+05  0.286451888097495E+06
0.479999999999984E-07 0.755199999999976E+02  0.192645966848131E+05  0.287456908900071E+06
0.499999999999980E-07 0.784999999999971E+02  0.177377941711028E+05  0.287907233710312E+06
0.519999999999977E-07 0.814799999999965E+02  0.174225064510063E+05  0.284513650836942E+06
0.539999999999973E-07 0.844599999999959E+02  0.173748200564656E+05  0.286692112287023E+06
0.559999999999969E-07 0.874399999999954E+02  0.168751600535930E+05  0.283366593436662E+06
0.579999999999965E-07 0.904199999999948E+02  0.166898326959970E+05  0.284281300609895E+06
0.599999999999961E-07 0.933999999999943E+02  0.175685919516530E+05  0.283637828872545E+06
0.619999999999958E-07 0.963799999999937E+02  0.174591333171853E+05  0.286662596228846E+06
0.639999999999954E-07 0.993599999999931E+02  0.175873578117475E+05  0.281935520496006E+06
0.659999999999950E-07 0.102339999999993E+03  0.164379202450878E+05  0.282413445711227E+06
0.679999999999946E-07 0.105319999999992E+03  0.175044706578511E+05  0.283631940870505E+06
0.699999999999942E-07 0.108299999999991E+03  0.167284457878781E+05  0.280825053752662E+06
0.719999999999939E-07 0.111279999999991E+03  0.165012492296012E+05  0.284643086289057E+06
0.739999999999935E-07 0.114259999999990E+03  0.177001156222634E+05  0.282240157187565E+06
0.759999999999931E-07 0.117239999999990E+03  0.160269643934824E+05  0.285928584891386E+06
0.779999999999927E-07 0.120219999999989E+03  0.171611001247629E+05  0.283290766790718E+06
0.799999999999924E-07 0.123199999999989E+03  0.155526324134657E+05  0.278344700557402E+06
0.819999999999920E-07 0.126179999999988E+03  0.206746079170412E+05  0.285123023292692E+06
0.839999999999916E-07 0.129159999999987E+03  0.196685533464753E+05  0.281912434734395E+06
0.859999999999912E-07 0.132139999999987E+03  0.171878313441603E+05  0.280477686024412E+06
0.879999999999908E-07 0.135119999999986E+03  0.159308330744815E+05  0.282538474123830E+06
0.899999999999905E-07 0.138099999999986E+03  0.149952997654007E+05  0.280509274004980E+06
0.919999999999901E-07 0.141079999999985E+03  0.169123736448703E+05  0.279801086729143E+06
0.939999999999897E-07 0.144059999999985E+03  0.188503232482753E+05  0.283030192246770E+06
0.959999999999893E-07 0.147039999999984E+03  0.140604321998075E+05  0.276125976441865E+06
0.979999999999889E-07 0.150019999999984E+03  0.227097654704903E+05  0.274836297109318E+06
0.999999999999886E-07 0.152999999999983E+03  0.170453981233288E+05  0.280271817952056E+06
0.101999999999988E-06 0.155979999999982E+03  0.139227635439275E+05  0.280941343175187E+06
0.103999999999988E-06 0.158959999999982E+03  0.224288043753586E+05  0.277383702675316E+06
0.105999999999987E-06 0.161939999999981E+03  0.121527469356869E+05  0.277333295784463E+06
0.107999999999987E-06 0.164919999999981E+03  0.208334467953220E+05  0.278664113337020E+06
0.109999999999987E-06 0.167899999999980E+03  0.187382436814190E+05  0.275006487005756E+06
0.111999999999986E-06 0.170879999999980E+03  0.120309824244343E+05  0.279609364606927E+06
0.113999999999986E-06 0.173859999999979E+03  0.169070242287696E+05  0.277257057330967E+06
0.115999999999986E-06 0.176839999999978E+03  0.139578480033153E+05  0.275501121165178E+06
0.117999999999985E-06 0.179819999999978E+03  0.192769643059028E+05  0.275736797698693E+06
0.119999999999986E-06 0.182799999999979E+03  0.142319865819802E+05  0.272057020271340E+06
0.121999999999988E-06 0.185779999999982E+03  0.201854332843993E+05  0.277403772608365E+06
0.123999999999990E-06 0.188759999999986E+03  0.226369011670223E+05  0.270029686769435E+06
0.125999999999993E-06 0.191739999999989E+03  0.220121237684926E+05  0.268964470725243E+06
0.127999999999995E-06 0.194719999999992E+03  0.208331650080268E+05  0.270272819922367E+06
0.129999999999997E-06 0.197699999999996E+03  0.190183008394409E+05  0.269834960886120E+06
0.131999999999999E-06 0.200679999999999E+03  0.170531597448884E+05  0.268875973136383E+06
0.134000000000002E-06 0.203660000000003E+03  0.183439659950212E+05  0.271088583989483E+06
0.136000000000004E-06 0.206640000000006E+03  0.192917777666554E+05  0.265053498625392E+06
0.138000000000006E-06 0.209620000000009E+03  0.185317675982569E+05  0.265531973058722E+06
0.140000000000009E-06 0.212600000000013E+03  0.247421603906502E+05  0.265866708547309E+06
0.142000000000011E-06 0.215580000000016E+03  0.188610420951681E+05  0.265967130181273E+06
0.144000000000013E-06 0.218560000000019E+03  0.236562903495714E+05  0.264438273636507E+06
0.146000000000015E-06 0.221540000000023E+03  0.213199174216229E+05  0.261128342505514E+06
0.148000000000018E-06 0.224520000000026E+03  0.172848273329691E+05  0.260210259150027E+06
0.150000000000020E-06 0.227500000000030E+03  0.172965058107288E+05  0.259505181345163E+06
0.152000000000022E-06 0.230480000000033E+03  0.161821735564869E+05  0.254778837969483E+06
0.154000000000024E-06 0.233460000000036E+03  0.167791353876828E+05  0.256491844429651E+06
0.156000000000027E-06 0.236440000000040E+03  0.182846953777721E+05  0.259830267965718E+06
0.158000000000029E-06 0.239420000000043E+03  0.145577827272694E+05  0.252161307435140E+06
0.160000000000031E-06 0.242400000000046E+03  0.188215703771715E+05  0.247667784153871E+06
0.162000000000033E-06 0.245380000000050E+03  0.214778419833431E+05  0.249557062320374E+06
0.164000000000036E-06 0.248360000000053E+03  0.172012866151738E+05  0.253513937030746E+06
0.166000000000038E-06 0.251340000000057E+03  0.233061363159463E+05  0.249516612437385E+06
0.168000000000040E-06 0.254320000000060E+03  0.201710680298542E+05  0.245276548940009E+06
0.170000000000043E-06 0.257300000000063E+03  0.248526360944879E+05  0.246363240817114E+06
0.172000000000045E-06 0.260280000000067E+03  0.251677706485970E+05  0.240674635657995E+06
0.174000000000047E-06 0.263260000000070E+03  0.202438386010705E+05  0.237598404956004E+06
0.176000000000049E-06 0.266240000000074E+03  0.215094881503915E+05  0.235397310541654E+06
0.178000000000052E-06 0.269220000000077E+03  0.195385430616010E+05  0.225333176776054E+06
0.180000000000054E-06 0.272200000000080E+03  0.226788857020922E+05  0.225808378028033E+06
0.182000000000056E-06 0.275180000000084E+03  0.210888084502866E+05  0.218084271875580E+06
0.184000000000058E-06 0.278160000000087E+03  0.242793657975567E+05  0.219485750922364E+06
0.186000000000061E-06 0.281140000000090E+03  0.319110812676343E+05  0.217081179035642E+06
0.188000000000063E-06 0.284120000000094E+03  0.245245216224139E+05  0.211234251304713E+06
0.190000000000065E-06 0.287100000000097E+03  0.295793752004698E+05  0.207453674740262E+06
0.192000000000067E-06 0.290080000000101E+03  0.348290798320193E+05  0.199030807993870E+06
0.194000000000070E-06 0.293060000000104E+03  0.338639895416689E+05  0.194995572468885E+06
0.196000000000072E-06 0.296040000000107E+03  0.310473274908553E+05  0.192051532105613E+06
0.198000000000074E-06 0.299020000000111E+03  0.343237572593908E+05  0.192012950336505E+06
0.200000000000077E-06 0.302000000000114E+03  0.351739195499677E+05  0.182998612393182E+06
0.202000000000079E-06 0.304980000000117E+03  0.407332845426575E+05  0.172340537262499E+06
0.204000000000081E-06 0.307960000000121E+03  0.400823102844906E+05  0.174426327198469E+06
0.206000000000083E-06 0.310940000000124E+03  0.536954064277452E+05  0.174854245707412E+06
0.208000000000086E-06 0.313920000000128E+03  0.522118710399971E+05  0.165878269059497E+06
0.210000000000088E-06 0.316900000000131E+03  0.437208315392412E+05  0.168551547155318E+06
0.212000000000090E-06 0.319880000000134E+03  0.437240464311956E+05  0.158433363872101E+06
0.214000000000092E-06 0.322860000000138E+03  0.453432778002602E+05  0.153867359000978E+06
0.216000000000095E-06 0.325840000000141E+03  0.420608909293285E+05  0.155308871141785E+06
0.218000000000097E-06 0.328820000000144E+03  0.435631838930024E+05  0.158682655543285E+06
0.220000000000099E-06 0.331800000000148E+03  0.474637258808057E+05  0.145033723383776E+06
0.222000000000101E-06 0.334780000000151E+03  0.445718949926256E+05  0.134505804785081E+06
0.224000000000104E-06 0.337760000000155E+03  0.421031327617734E+05  0.132096208182642E+06
0.226000000000106E-06 0.340740000000158E+03  0.498203609729092E+05  0.126465170004712E+06
0.228000000000108E-06 0.343720000000161E+03  0.504051894687333E+05  0.123547286502782E+06
0.230000000000111E-06 0.346700000000165E+03  0.470113653659275E+05  0.114929007236032E+06
0.232000000000113E-06 0.349680000000168E+03  0.487557348295644E+05  0.119503884134705E+06
0.234000000000115E-06 0.352660000000171E+03  0.555150911642453E+05  0.115578098282820E+06
0.236000000000117E-06 0.355640000000175E+03  0.611353991280483E+05  0.107626503813831E+06
0.238000000000120E-06 0.358620000000178E+03  0.621468109111242E+05  0.971952896931690E+05
0.240000000000122E-06 0.361600000000182E+03  0.573292434132229E+05  0.917464548586272E+05
0.242000000000124E-06 0.364580000000185E+03  0.543938777487133E+05  0.902654308698356E+05
0.244000000000126E-06 0.367560000000188E+03  0.635558031930827E+05  0.878213175290087E+05
0.246000000000129E-06 0.370540000000192E+03  0.629193749054263E+05  0.868011730569861E+05
0.248000000000131E-06 0.373520000000195E+03  0.579972065625004E+05  0.915296742928857E+05
0.250000000000133E-06 0.376500000000198E+03  0.634948068718317E+05  0.845237707621510E+05
0.252000000000136E-06 0.379480000000202E+03  0.650042156590329E+05  0.849606317593595E+05
0.254000000000138E-06 0.382460000000205E+03  0.579829841327748E+05  0.930548893868541E+05
0.256000000000140E-06 0.385440000000209E+03  0.523274590813980E+05  0.915457940169434E+05
0.258000000000142E-06 0.388420000000212E+03  0.510813236985933E+05  0.898344523376328E+05
0.260000000000145E-06 0.391400000000215E+03  0.496151562815473E+05  0.842277114805215E+05
0.262000000000147E-06 0.394380000000219E+03  0.539287125313604E+05  0.778381530395276E+05
0.264000000000149E-06 0.397360000000222E+03  0.520770452227144E+05  0.762865676833398E+05
0.266000000000151E-06 0.400340000000226E+03  0.542344057013612E+05  0.810337668937141E+05
0.268000000000154E-06 0.403320000000229E+03  0.541847364577529E+05  0.754113446222838E+05
0.270000000000156E-06 0.406300000000232E+03  0.606413473443855E+05  0.788599140924089E+05
0.272000000000158E-06 0.409280000000236E+03  0.535128344268731E+05  0.782109503453626E+05
0.274000000000160E-06 0.412260000000239E+03  0.515940098645996E+05  0.822372224784481E+05
0.276000000000163E-06 0.415240000000243E+03  0.554715442475972E+05  0.704947585668593E+05
0.278000000000165E-06 0.418220000000246E+03  0.482768760329631E+05  0.603248921062555E+05
0.280000000000167E-06 0.421200000000249E+03  0.557553498410721E+05  0.644948709680200E+05
0.282000000000170E-06 0.424180000000253E+03  0.490393218366496E+05  0.519181513682215E+05
0.284000000000172E-06 0.427160000000256E+03  0.554872449102671E+05  0.552533636280154E+05
0.286000000000174E-06 0.430140000000259E+03  0.617921241292489E+05  0.512989817162773E+05
0.288000000000176E-06 0.433120000000263E+03  0.606370088216604E+05  0.672351277762668E+05
0.290000000000179E-06 0.436100000000266E+03  0.615962006149199E+05  0.575526060937158E+05
0.292000000000181E-06 0.439080000000269E+03  0.612355730036719E+05  0.654310601520550E+05
0.294000000000183E-06 0.442060000000273E+03  0.685198151239810E+05  0.563219360743730E+05
0.296000000000185E-06 0.445040000000276E+03  0.572322036182170E+05  0.540093878170382E+05
0.298000000000188E-06 0.448020000000280E+03  0.580458868837717E+05  0.608572041461351E+05
0.300000000000190E-06 0.451000000000283E+03  0.643309173969874E+05  0.671686429746136E+05
0.302000000000192E-06 0.453980000000286E+03  0.626264203957428E+05  0.683228651709595E+05
0.304000000000194E-06 0.456960000000290E+03  0.650208145950943E+05  0.715184581708303E+05
0.306000000000197E-06 0.459940000000293E+03  0.668536945876386E+05  0.780346254307245E+05
0.308000000000199E-06 0.462920000000297E+03  0.582845150532522E+05  0.768388658523378E+05
0.310000000000201E-06 0.465900000000300E+03  0.651823432591888E+05  0.718493957367971E+05
0.312000000000204E-06 0.468880000000303E+03  0.583448483782234E+05  0.701880811653156E+05
0.314000000000206E-06 0.471860000000307E+03  0.542740566180179E+05  0.543368127973589E+05
0.316000000000208E-06 0.474840000000310E+03  0.581935448450658E+05  0.420639505298545E+05
0.318000000000210E-06 0.477820000000313E+03  0.510817424567166E+05  0.341678396379391E+05
0.320000000000213E-06 0.480800000000317E+03  0.507484930895330E+05  0.358624223440557E+05
0.322000000000215E-06 0.483780000000320E+03  0.426067012024111E+05  0.440094037566194E+05
0.324000000000217E-06 0.486760000000324E+03  0.511156957019764E+05  0.465792577012025E+05
0.326000000000219E-06 0.489740000000327E+03  0.457089827863543E+05  0.287005793966143E+05
0.328000000000222E-06 0.492720000000330E+03  0.534373377442614E+05  0.421665261011073E+05
0.330000000000224E-06 0.495700000000334E+03  0.509457271557781E+05  0.322559766483604E+05
0.332000000000226E-06 0.498680000000337E+03  0.478190355288939E+05  0.476520053108042E+05
0.334000000000228E-06 0.501660000000340E+03  0.517657047512901E+05  0.541674409603336E+05
0.336000000000231E-06 0.504640000000344E+03  0.571952507510933E+05  0.456190573399714E+05
0.338000000000233E-06 0.507620000000347E+03  0.515370759901023E+05  0.429032789126548E+05
0.340000000000235E-06 0.510600000000351E+03  0.479509964675687E+05  0.404858165086534E+05
0.342000000000238E-06 0.513580000000354E+03  0.570533318969481E+05  0.362011872072431E+05
0.344000000000240E-06 0.516560000000357E+03  0.528450993063377E+05  0.345391378507648E+05
0.346000000000242E-06 0.519540000000361E+03  0.452388063129670E+05  0.405086741841247E+05
0.348000000000244E-06 0.522520000000364E+03  0.506436528279286E+05  0.417535087542238E+05
0.350000000000247E-06 0.525500000000368E+03  0.519645333249514E+05  0.421731145794267E+05
0.352000000000249E-06 0.528480000000371E+03  0.496356745541299E+05  0.364461499919933E+05
0.354000000000251E-06 0.531460000000374E+03  0.584804190401235E+05  0.513027820882576E+05
0.356000000000253E-06 0.534440000000378E+03  0.585601505617778E+05  0.324417878448558E+05
0.358000000000256E-06 0.537420000000381E+03  0.552667992323445E+05  0.458795949666075E+05
0.360000000000258E-06 0.540400000000384E+03  0.590593405385785E+05  0.395198284715581E+05
0.362000000000260E-06 0.543380000000388E+03  0.707130595816908E+05  0.383814927826512E+05
0.364000000000263E-06 0.546360000000391E+03  0.618951819008903E+05  0.379639694502227E+05
0.366000000000265E-06 0.549340000000395E+03  0.462411764624682E+05  0.495892725277940E+05
0.368000000000267E-06 0.552320000000398E+03  0.269246930015723E+05  0.505900522180968E+05
0.370000000000269E-06 0.555300000000401E+03  0.337905846751272E+05  0.492191940953752E+05
0.372000000000272E-06 0.558280000000405E+03  0.210090043386348E+05  0.398214013965140E+05
0.374000000000274E-06 0.561260000000408E+03  0.151456851800864E+05  0.506893396785473E+05
0.376000000000276E-06 0.564240000000411E+03  0.134294640527377E+05  0.513486928630502E+05
0.378000000000278E-06 0.567220000000415E+03  0.355665368224133E+05  0.419958320626297E+05
0.380000000000281E-06 0.570200000000418E+03  0.170330393128058E+05  0.345024112415913E+05
0.382000000000283E-06 0.573180000000422E+03  0.251418169426478E+05  0.348665130657356E+05
0.384000000000285E-06 0.576160000000425E+03  0.264397500336793E+05  0.413219554848641E+05
0.386000000000287E-06 0.579140000000428E+03  0.258484632756264E+05  0.342645268122403E+05
0.388000000000290E-06 0.582120000000432E+03  0.240482235822338E+05  0.310720770024248E+05
0.390000000000292E-06 0.585100000000435E+03  0.374699202216714E+05  0.359180479135178E+05
0.392000000000294E-06 0.588080000000439E+03  0.232497309532603E+05  0.301330196638293E+05
0.394000000000297E-06 0.591060000000442E+03  0.284902871811374E+05  0.257219149531895E+05
0.396000000000299E-06 0.594040000000445E+03  0.315502882553341E+05  0.349954878366915E+05
0.398000000000301E-06 0.597020000000449E+03  0.333701987939968E+05  0.272691680747516E+05
0.400000000000303E-06 0.600000000000452E+03  0.256636954115780E+05  0.436626085406095E+05
