#  MCS   M-mean   M-sdt Γθ-mean  Γθ-std δθ-mean  δθ-std
     0   0.0858  0.0217  0.5366  0.0158  0.6283  0.0000
     1   0.1511  0.0211  0.5117  0.0178  0.5027  0.0000
     2   0.2020  0.0208  0.5090  0.0140  0.4021  0.0000
     3   0.2424  0.0208  0.5197  0.0151  0.3217  0.0000
     4   0.2742  0.0205  0.5353  0.0150  0.2574  0.0000
     5   0.2994  0.0201  0.5525  0.0179  0.2074  0.0088
     6   0.3193  0.0198  0.5744  0.0161  0.1813  0.0214
     7   0.3367  0.0200  0.5906  0.0191  0.1719  0.0200
     8   0.3527  0.0201  0.5931  0.0199  0.1647  0.0199
     9   0.3678  0.0204  0.5998  0.0226  0.1629  0.0187
    10   0.3827  0.0204  0.6023  0.0186  0.1626  0.0172
    11   0.3975  0.0202  0.6035  0.0202  0.1637  0.0155
    12   0.4124  0.0201  0.6030  0.0196  0.1633  0.0168
    13   0.4270  0.0202  0.6039  0.0201  0.1657  0.0161
    14   0.4416  0.0201  0.6008  0.0199  0.1640  0.0143
    15   0.4560  0.0198  0.6038  0.0191  0.1650  0.0163
    16   0.4703  0.0199  0.6015  0.0213  0.1647  0.0170
    17   0.4842  0.0202  0.6044  0.0205  0.1671  0.0182
    18   0.4980  0.0201  0.6006  0.0187  0.1666  0.0171
    19   0.5118  0.0198  0.6028  0.0203  0.1662  0.0178
    20   0.5254  0.0199  0.6067  0.0187  0.1706  0.0171
    21   0.5390  0.0201  0.6016  0.0210  0.1695  0.0182
    22   0.5525  0.0201  0.6030  0.0211  0.1696  0.0184
    23   0.5658  0.0201  0.6042  0.0253  0.1726  0.0200
    24   0.5791  0.0201  0.6010  0.0219  0.1706  0.0180
    25   0.5919  0.0201  0.6042  0.0193  0.1737  0.0162
    26   0.6049  0.0201  0.6019  0.0200  0.1730  0.0170
    27   0.6176  0.0198  0.6021  0.0210  0.1738  0.0170
    28   0.6298  0.0194  0.5992  0.0230  0.1716  0.0172
    29   0.6421  0.0192  0.6074  0.0227  0.1769  0.0162
    30   0.6543  0.0188  0.6010  0.0196  0.1773  0.0165
    31   0.6664  0.0183  0.6002  0.0185  0.1768  0.0191
    32   0.6780  0.0177  0.5997  0.0250  0.1735  0.0157
    33   0.6892  0.0174  0.6053  0.0223  0.1762  0.0163
    34   0.7002  0.0170  0.6010  0.0201  0.1764  0.0163
    35   0.7112  0.0167  0.6079  0.0202  0.1819  0.0166
    36   0.7223  0.0162  0.5992  0.0239  0.1794  0.0194
    37   0.7328  0.0157  0.6020  0.0237  0.1780  0.0162
    38   0.7431  0.0152  0.6052  0.0233  0.1818  0.0154
    39   0.7532  0.0149  0.5980  0.0203  0.1796  0.0152
    40   0.7631  0.0145  0.6037  0.0224  0.1813  0.0175
    41   0.7727  0.0141  0.6021  0.0247  0.1819  0.0153
    42   0.7821  0.0138  0.6030  0.0211  0.1830  0.0175
    43   0.7914  0.0136  0.6023  0.0241  0.1837  0.0165
    44   0.8004  0.0134  0.6022  0.0207  0.1833  0.0183
    45   0.8091  0.0130  0.6048  0.0248  0.1853  0.0187
    46   0.8178  0.0128  0.6025  0.0251  0.1839  0.0170
    47   0.8261  0.0124  0.6024  0.0245  0.1842  0.0162
    48   0.8340  0.0121  0.6040  0.0231  0.1868  0.0175
    49   0.8418  0.0117  0.6021  0.0277  0.1880  0.0170
    50   0.8493  0.0114  0.5991  0.0236  0.1855  0.0175
    51   0.8564  0.0111  0.6040  0.0264  0.1861  0.0169
    52   0.8634  0.0109  0.6052  0.0270  0.1878  0.0175
    53   0.8702  0.0105  0.6055  0.0281  0.1901  0.0157
    54   0.8769  0.0102  0.5997  0.0230  0.1889  0.0171
    55   0.8830  0.0098  0.6025  0.0261  0.1868  0.0184
    56   0.8889  0.0096  0.6048  0.0299  0.1897  0.0190
    57   0.8946  0.0092  0.6019  0.0271  0.1915  0.0164
    58   0.9002  0.0088  0.6001  0.0277  0.1870  0.0183
    59   0.9054  0.0085  0.6087  0.0275  0.1905  0.0164
    60   0.9105  0.0082  0.6038  0.0254  0.1913  0.0172
    61   0.9155  0.0079  0.6040  0.0277  0.1931  0.0184
    62   0.9202  0.0075  0.6022  0.0265  0.1933  0.0187
    63   0.9246  0.0071  0.6014  0.0326  0.1917  0.0182
    64   0.9288  0.0068  0.6042  0.0278  0.1917  0.0151
    65   0.9328  0.0064  0.6030  0.0258  0.1935  0.0180
    66   0.9367  0.0059  0.6027  0.0286  0.1933  0.0164
    67   0.9403  0.0057  0.6021  0.0259  0.1927  0.0186
    68   0.9437  0.0054  0.6066  0.0313  0.1963  0.0173
    69   0.9471  0.0051  0.6003  0.0287  0.1945  0.0168
    70   0.9502  0.0048  0.6046  0.0303  0.1963  0.0192
    71   0.9531  0.0046  0.6022  0.0298  0.1932  0.0186
    72   0.9559  0.0043  0.6084  0.0298  0.2009  0.0153
    73   0.9585  0.0041  0.5969  0.0272  0.2000  0.0192
    74   0.9609  0.0038  0.5963  0.0312  0.1948  0.0172
    75   0.9631  0.0037  0.6041  0.0276  0.1963  0.0174
    76   0.9653  0.0035  0.6030  0.0291  0.1964  0.0182
    77   0.9673  0.0034  0.5995  0.0303  0.1932  0.0174
    78   0.9691  0.0032  0.6083  0.0311  0.1947  0.0151
    79   0.9708  0.0030  0.6063  0.0283  0.1979  0.0189
    80   0.9724  0.0028  0.6014  0.0336  0.1956  0.0169
    81   0.9739  0.0026  0.6054  0.0299  0.1969  0.0197
    82   0.9753  0.0024  0.6004  0.0322  0.1950  0.0156
    83   0.9765  0.0023  0.6070  0.0255  0.1979  0.0167
    84   0.9777  0.0021  0.6022  0.0282  0.1954  0.0165
    85   0.9788  0.0020  0.6059  0.0319  0.1985  0.0158
    86   0.9799  0.0019  0.6002  0.0291  0.1955  0.0180
    87   0.9808  0.0018  0.6093  0.0305  0.2006  0.0165
    88   0.9816  0.0017  0.5965  0.0275  0.1945  0.0146
    89   0.9824  0.0015  0.6074  0.0290  0.1973  0.0196
    90   0.9831  0.0014  0.6058  0.0346  0.1982  0.0185
    91   0.9838  0.0013  0.6044  0.0336  0.1996  0.0211
    92   0.9844  0.0012  0.5991  0.0356  0.1946  0.0178
    93   0.9850  0.0012  0.6085  0.0296  0.1992  0.0167
    94   0.9854  0.0011  0.6009  0.0308  0.1976  0.0198
    95   0.9859  0.0011  0.6020  0.0339  0.1972  0.0169
    96   0.9863  0.0010  0.6055  0.0325  0.1983  0.0198
    97   0.9866  0.0010  0.6003  0.0358  0.1955  0.0164
    98   0.9870  0.0009  0.6080  0.0300  0.1985  0.0166
   100   0.9873  0.0008  0.6017  0.0321  0.1947  0.0191
