#                t(s)                  T(K)             M_ZFC(A/m)              M_FC(A/m)
0.200000000000000E-08 0.698000000000000E+01  0.190976955577023E+05  0.290716692913767E+06
0.400000000000002E-08 0.996000000000003E+01  0.186660348142070E+05  0.289991802565160E+06
0.599999999999997E-08 0.129400000000000E+02  0.184528803392559E+05  0.291362441865106E+06
0.799999999999992E-08 0.159199999999999E+02  0.194896067196052E+05  0.290879893588901E+06
0.999999999999988E-08 0.188999999999998E+02  0.186591657299245E+05  0.290198101846713E+06
0.119999999999998E-07 0.218799999999997E+02  0.173178723992290E+05  0.289374647070393E+06
0.139999999999998E-07 0.248599999999997E+02  0.193231020588237E+05  0.288949973467309E+06
0.159999999999999E-07 0.278399999999999E+02  0.186350169528861E+05  0.289991700427541E+06
0.180000000000002E-07 0.308200000000003E+02  0.190280223609655E+05  0.288396930050405E+06
0.200000000000005E-07 0.338000000000007E+02  0.171671721984476E+05  0.288122912736626E+06
0.220000000000008E-07 0.367800000000011E+02  0.195264887937180E+05  0.287812052363875E+06
0.240000000000010E-07 0.397600000000016E+02  0.184320209903082E+05  0.286749593072750E+06
0.260000000000013E-07 0.427400000000020E+02  0.197001623489731E+05  0.287682644985936E+06
0.280000000000016E-07 0.457200000000024E+02  0.187935350261947E+05  0.288339301603005E+06
0.300000000000018E-07 0.487000000000027E+02  0.183066984460805E+05  0.288107079781928E+06
0.320000000000014E-07 0.516800000000022E+02  0.187628044290344E+05  0.288454157904882E+06
0.340000000000011E-07 0.546600000000016E+02  0.180505364939577E+05  0.287418557611983E+06
0.360000000000007E-07 0.576400000000010E+02  0.196719579891284E+05  0.287553873276237E+06
0.380000000000003E-07 0.606200000000005E+02  0.194260737540386E+05  0.287800425548757E+06
0.399999999999999E-07 0.635999999999999E+02  0.172527992323735E+05  0.285799475177868E+06
0.419999999999995E-07 0.665799999999993E+02  0.181313971076092E+05  0.283664308397501E+06
0.439999999999992E-07 0.695599999999988E+02  0.224995196225952E+05  0.288279180717800E+06
0.459999999999988E-07 0.725399999999982E+02  0.185704551255253E+05  0.285274671777242E+06
0.479999999999984E-07 0.755199999999976E+02  0.201654565944416E+05  0.285284808613799E+06
0.499999999999980E-07 0.784999999999971E+02  0.184917662634706E+05  0.286830393474625E+06
0.519999999999977E-07 0.814799999999965E+02  0.198415868718661E+05  0.286460538867036E+06
0.539999999999973E-07 0.844599999999959E+02  0.189901257661095E+05  0.284370522844675E+06
0.559999999999969E-07 0.874399999999954E+02  0.204496921660615E+05  0.285873051900153E+06
0.579999999999965E-07 0.904199999999948E+02  0.198507739366125E+05  0.283918808771007E+06
0.599999999999961E-07 0.933999999999943E+02  0.216126455833139E+05  0.282628159100265E+06
0.619999999999958E-07 0.963799999999937E+02  0.199346322793365E+05  0.281134561828477E+06
0.639999999999954E-07 0.993599999999931E+02  0.224683770451509E+05  0.283874094081094E+06
0.659999999999950E-07 0.102339999999993E+03  0.190483552671730E+05  0.280921976258246E+06
0.679999999999946E-07 0.105319999999992E+03  0.201297299603585E+05  0.282659635061115E+06
0.699999999999942E-07 0.108299999999991E+03  0.211893934846306E+05  0.283288139128676E+06
0.719999999999939E-07 0.111279999999991E+03  0.210105719744860E+05  0.285603564545056E+06
0.739999999999935E-07 0.114259999999990E+03  0.178351041985930E+05  0.281144772427249E+06
0.759999999999931E-07 0.117239999999990E+03  0.206886437663870E+05  0.282265995402795E+06
0.779999999999927E-07 0.120219999999989E+03  0.187976509341765E+05  0.283763763900320E+06
0.799999999999924E-07 0.123199999999989E+03  0.191465701040351E+05  0.281945837574499E+06
0.819999999999920E-07 0.126179999999988E+03  0.199296650088256E+05  0.282565081729222E+06
0.839999999999916E-07 0.129159999999987E+03  0.189399266363163E+05  0.280229854823149E+06
0.859999999999912E-07 0.132139999999987E+03  0.219404187199073E+05  0.280526004418178E+06
0.879999999999908E-07 0.135119999999986E+03  0.197445562729585E+05  0.279823296612225E+06
0.899999999999905E-07 0.138099999999986E+03  0.193755910320934E+05  0.278084921771852E+06
0.919999999999901E-07 0.141079999999985E+03  0.221041587807883E+05  0.280023999173479E+06
0.939999999999897E-07 0.144059999999985E+03  0.194519712698330E+05  0.279558579205549E+06
0.959999999999893E-07 0.147039999999984E+03  0.202553965319129E+05  0.278616610507619E+06
0.979999999999889E-07 0.150019999999984E+03  0.229513347464394E+05  0.285143019578267E+06
0.999999999999886E-07 0.152999999999983E+03  0.240732962086695E+05  0.278681994713705E+06
0.101999999999988E-06 0.155979999999982E+03  0.193066118830231E+05  0.276073950597456E+06
0.103999999999988E-06 0.158959999999982E+03  0.200902014529245E+05  0.276655469279763E+06
0.105999999999987E-06 0.161939999999981E+03  0.212032566451624E+05  0.277817864386815E+06
0.107999999999987E-06 0.164919999999981E+03  0.215096125642454E+05  0.277033284909228E+06
0.109999999999987E-06 0.167899999999980E+03  0.183706237218708E+05  0.271369562153967E+06
0.111999999999986E-06 0.170879999999980E+03  0.206092831010357E+05  0.277542682508553E+06
0.113999999999986E-06 0.173859999999979E+03  0.241062765946138E+05  0.277122588858169E+06
0.115999999999986E-06 0.176839999999978E+03  0.194653853844857E+05  0.276179455780536E+06
0.117999999999985E-06 0.179819999999978E+03  0.202087980656994E+05  0.276830350248945E+06
0.119999999999986E-06 0.182799999999979E+03  0.184328531128589E+05  0.273844822812156E+06
0.121999999999988E-06 0.185779999999982E+03  0.182177107463955E+05  0.276179504499960E+06
0.123999999999990E-06 0.188759999999986E+03  0.201783899167260E+05  0.274149857363537E+06
0.125999999999993E-06 0.191739999999989E+03  0.226910448367491E+05  0.273777756405722E+06
0.127999999999995E-06 0.194719999999992E+03  0.231607754913854E+05  0.271711758416215E+06
0.129999999999997E-06 0.197699999999996E+03  0.241728624377521E+05  0.266533159417651E+06
0.131999999999999E-06 0.200679999999999E+03  0.170704902409523E+05  0.267748972218732E+06
0.134000000000002E-06 0.203660000000003E+03  0.217274020273446E+05  0.271021635400888E+06
0.136000000000004E-06 0.206640000000006E+03  0.195594116341424E+05  0.268691106628473E+06
0.138000000000006E-06 0.209620000000009E+03  0.248424265876441E+05  0.271495822714779E+06
0.140000000000009E-06 0.212600000000013E+03  0.295260536778341E+05  0.271248377368036E+06
0.142000000000011E-06 0.215580000000016E+03  0.276581902380782E+05  0.264334547778056E+06
0.144000000000013E-06 0.218560000000019E+03  0.229324182560307E+05  0.267555431267944E+06
0.146000000000015E-06 0.221540000000023E+03  0.260465296654793E+05  0.270728033331749E+06
0.148000000000018E-06 0.224520000000026E+03  0.191077032341217E+05  0.262338494119462E+06
0.150000000000020E-06 0.227500000000030E+03  0.341719665880122E+05  0.266320227839620E+06
0.152000000000022E-06 0.230480000000033E+03  0.211486485692676E+05  0.264564184085284E+06
0.154000000000024E-06 0.233460000000036E+03  0.183727809982802E+05  0.258592934443542E+06
0.156000000000027E-06 0.236440000000040E+03  0.315964159990168E+05  0.264276533415494E+06
0.158000000000029E-06 0.239420000000043E+03  0.289526694407981E+05  0.258753448208004E+06
0.160000000000031E-06 0.242400000000046E+03  0.285922826952642E+05  0.254451471311565E+06
0.162000000000033E-06 0.245380000000050E+03  0.280701046005273E+05  0.257390736113980E+06
0.164000000000036E-06 0.248360000000053E+03  0.266190230038197E+05  0.250304094878678E+06
0.166000000000038E-06 0.251340000000057E+03  0.325463075380532E+05  0.245896095681599E+06
0.168000000000040E-06 0.254320000000060E+03  0.341586549570524E+05  0.245345694599267E+06
0.170000000000043E-06 0.257300000000063E+03  0.311693521812384E+05  0.247195210248492E+06
0.172000000000045E-06 0.260280000000067E+03  0.325210802598000E+05  0.241485641974479E+06
0.174000000000047E-06 0.263260000000070E+03  0.297528674455403E+05  0.233603043126159E+06
0.176000000000049E-06 0.266240000000074E+03  0.281485615113025E+05  0.234357529775224E+06
0.178000000000052E-06 0.269220000000077E+03  0.335244895054367E+05  0.232405557700959E+06
0.180000000000054E-06 0.272200000000080E+03  0.346719388378699E+05  0.229683546566356E+06
0.182000000000056E-06 0.275180000000084E+03  0.410184813743096E+05  0.228228402019602E+06
0.184000000000058E-06 0.278160000000087E+03  0.358657064493597E+05  0.217572043609555E+06
0.186000000000061E-06 0.281140000000090E+03  0.394173746851925E+05  0.220209165849665E+06
0.188000000000063E-06 0.284120000000094E+03  0.354748241929098E+05  0.215151656073607E+06
0.190000000000065E-06 0.287100000000097E+03  0.380035297354558E+05  0.210498858272563E+06
0.192000000000067E-06 0.290080000000101E+03  0.417899254503153E+05  0.210223675354089E+06
0.194000000000070E-06 0.293060000000104E+03  0.368705436594212E+05  0.201167896024895E+06
0.196000000000072E-06 0.296040000000107E+03  0.332108337491001E+05  0.197350577376982E+06
0.198000000000074E-06 0.299020000000111E+03  0.369851903751646E+05  0.191872247475501E+06
0.200000000000077E-06 0.302000000000114E+03  0.342604826939139E+05  0.186441828129195E+06
0.202000000000079E-06 0.304980000000117E+03  0.405303502676858E+05  0.181166407715571E+06
0.204000000000081E-06 0.307960000000121E+03  0.466093488260920E+05  0.182446865220037E+06
0.206000000000083E-06 0.310940000000124E+03  0.429638127400447E+05  0.173319203183056E+06
0.208000000000086E-06 0.313920000000128E+03  0.446061575114770E+05  0.160230355400612E+06
0.210000000000088E-06 0.316900000000131E+03  0.454807977844909E+05  0.164976301664009E+06
0.212000000000090E-06 0.319880000000134E+03  0.369861904816200E+05  0.158669447619637E+06
0.214000000000092E-06 0.322860000000138E+03  0.419484785244023E+05  0.146531052093682E+06
0.216000000000095E-06 0.325840000000141E+03  0.415538166113156E+05  0.133957083134057E+06
0.218000000000097E-06 0.328820000000144E+03  0.413830776826718E+05  0.131201554300920E+06
0.220000000000099E-06 0.331800000000148E+03  0.372474060963752E+05  0.121910628355404E+06
0.222000000000101E-06 0.334780000000151E+03  0.487850595764369E+05  0.114761178986480E+06
0.224000000000104E-06 0.337760000000155E+03  0.561524008204004E+05  0.115061266226983E+06
0.226000000000106E-06 0.340740000000158E+03  0.596548866273574E+05  0.118393229275876E+06
0.228000000000108E-06 0.343720000000161E+03  0.556874804397839E+05  0.106822865055467E+06
0.230000000000111E-06 0.346700000000165E+03  0.508781092987533E+05  0.105411486360143E+06
0.232000000000113E-06 0.349680000000168E+03  0.540414276485930E+05  0.109442200797204E+06
0.234000000000115E-06 0.352660000000171E+03  0.626614051312060E+05  0.998112176061442E+05
0.236000000000117E-06 0.355640000000175E+03  0.554341092886935E+05  0.982716796860121E+05
0.238000000000120E-06 0.358620000000178E+03  0.641244286041934E+05  0.954378210911169E+05
0.240000000000122E-06 0.361600000000182E+03  0.685146311826192E+05  0.964939347743143E+05
0.242000000000124E-06 0.364580000000185E+03  0.638117705267088E+05  0.861848831705221E+05
0.244000000000126E-06 0.367560000000188E+03  0.697225856171256E+05  0.890264193319008E+05
0.246000000000129E-06 0.370540000000192E+03  0.742539557650605E+05  0.904493950976341E+05
0.248000000000131E-06 0.373520000000195E+03  0.741986484635603E+05  0.849376431459844E+05
0.250000000000133E-06 0.376500000000198E+03  0.667890731374856E+05  0.825914887816473E+05
0.252000000000136E-06 0.379480000000202E+03  0.600993565347144E+05  0.756200314232787E+05
0.254000000000138E-06 0.382460000000205E+03  0.456993186048082E+05  0.735115820571266E+05
0.256000000000140E-06 0.385440000000209E+03  0.567316612551211E+05  0.652038345297458E+05
0.258000000000142E-06 0.388420000000212E+03  0.557094683192177E+05  0.659248921850695E+05
0.260000000000145E-06 0.391400000000215E+03  0.599985278292620E+05  0.611615676931565E+05
0.262000000000147E-06 0.394380000000219E+03  0.518818854877406E+05  0.555398720289991E+05
0.264000000000149E-06 0.397360000000222E+03  0.583934979158976E+05  0.568115639851429E+05
0.266000000000151E-06 0.400340000000226E+03  0.451044027628358E+05  0.587792059337182E+05
0.268000000000154E-06 0.403320000000229E+03  0.508570547231611E+05  0.538083726149380E+05
0.270000000000156E-06 0.406300000000232E+03  0.463472083967699E+05  0.554273057474996E+05
0.272000000000158E-06 0.409280000000236E+03  0.437292839902204E+05  0.692317696340061E+05
0.274000000000160E-06 0.412260000000239E+03  0.400969470618430E+05  0.585796676944184E+05
0.276000000000163E-06 0.415240000000243E+03  0.498785869837784E+05  0.661981789129529E+05
0.278000000000165E-06 0.418220000000246E+03  0.420060901771252E+05  0.636301152124948E+05
0.280000000000167E-06 0.421200000000249E+03  0.571210080330894E+05  0.581937047220066E+05
0.282000000000170E-06 0.424180000000253E+03  0.543777838552464E+05  0.540088321666317E+05
0.284000000000172E-06 0.427160000000256E+03  0.531011396683548E+05  0.608355979317069E+05
0.286000000000174E-06 0.430140000000259E+03  0.494093970291335E+05  0.432043685428889E+05
0.288000000000176E-06 0.433120000000263E+03  0.569710486269112E+05  0.482116543976954E+05
0.290000000000179E-06 0.436100000000266E+03  0.546782393830629E+05  0.545300194314612E+05
0.292000000000181E-06 0.439080000000269E+03  0.613340293612337E+05  0.579195671183744E+05
0.294000000000183E-06 0.442060000000273E+03  0.614554376078745E+05  0.614606121663388E+05
0.296000000000185E-06 0.445040000000276E+03  0.446760994981328E+05  0.568637235388298E+05
0.298000000000188E-06 0.448020000000280E+03  0.573771087766553E+05  0.480142379970839E+05
0.300000000000190E-06 0.451000000000283E+03  0.454175078089528E+05  0.613609390941673E+05
0.302000000000192E-06 0.453980000000286E+03  0.616545397400033E+05  0.567775276169269E+05
0.304000000000194E-06 0.456960000000290E+03  0.549667187875224E+05  0.648900764210670E+05
0.306000000000197E-06 0.459940000000293E+03  0.569144551455781E+05  0.573486184342569E+05
0.308000000000199E-06 0.462920000000297E+03  0.457324543987191E+05  0.630516457108844E+05
0.310000000000201E-06 0.465900000000300E+03  0.357477618238075E+05  0.603749216765145E+05
0.312000000000204E-06 0.468880000000303E+03  0.477837104861843E+05  0.432863695268343E+05
0.314000000000206E-06 0.471860000000307E+03  0.527530414372492E+05  0.544537926031231E+05
0.316000000000208E-06 0.474840000000310E+03  0.400356213785724E+05  0.606366431322229E+05
0.318000000000210E-06 0.477820000000313E+03  0.593805221275580E+05  0.513396611730482E+05
0.320000000000213E-06 0.480800000000317E+03  0.531442732375493E+05  0.366261915301492E+05
0.322000000000215E-06 0.483780000000320E+03  0.498997851265942E+05  0.455358154612616E+05
0.324000000000217E-06 0.486760000000324E+03  0.503368416570214E+05  0.440173552650229E+05
0.326000000000219E-06 0.489740000000327E+03  0.486697844862953E+05  0.491002513216974E+05
0.328000000000222E-06 0.492720000000330E+03  0.326526985042508E+05  0.428455156709298E+05
0.330000000000224E-06 0.495700000000334E+03  0.349068004547060E+05  0.499169253526355E+05
0.332000000000226E-06 0.498680000000337E+03  0.474917577494554E+05  0.432236558309752E+05
0.334000000000228E-06 0.501660000000340E+03  0.385587717955726E+05  0.435498608086750E+05
0.336000000000231E-06 0.504640000000344E+03  0.376279464019269E+05  0.325573351592004E+05
0.338000000000233E-06 0.507620000000347E+03  0.449464918546258E+05  0.464722637720689E+05
0.340000000000235E-06 0.510600000000351E+03  0.373154162931410E+05  0.522970812370537E+05
0.342000000000238E-06 0.513580000000354E+03  0.363382084771677E+05  0.446819106204666E+05
0.344000000000240E-06 0.516560000000357E+03  0.349059953095008E+05  0.460484473267200E+05
0.346000000000242E-06 0.519540000000361E+03  0.482478631760527E+05  0.460142598589309E+05
0.348000000000244E-06 0.522520000000364E+03  0.276260412232939E+05  0.358462127578494E+05
0.350000000000247E-06 0.525500000000368E+03  0.446262754737674E+05  0.274543420221971E+05
0.352000000000249E-06 0.528480000000371E+03  0.368993911006296E+05  0.402819126468786E+05
0.354000000000251E-06 0.531460000000374E+03  0.430503278594925E+05  0.441756036010953E+05
0.356000000000253E-06 0.534440000000378E+03  0.369431312720307E+05  0.428426229259846E+05
0.358000000000256E-06 0.537420000000381E+03  0.390988244087812E+05  0.507732887649306E+05
0.360000000000258E-06 0.540400000000384E+03  0.375257095616625E+05  0.375702432974070E+05
0.362000000000260E-06 0.543380000000388E+03  0.394982450848617E+05  0.426499041906964E+05
0.364000000000263E-06 0.546360000000391E+03  0.463609247010786E+05  0.406817178556845E+05
0.366000000000265E-06 0.549340000000395E+03  0.416730728204506E+05  0.318274032782002E+05
0.368000000000267E-06 0.552320000000398E+03  0.339076998684515E+05  0.481243146311831E+05
0.370000000000269E-06 0.555300000000401E+03  0.388775297762054E+05  0.376054166269980E+05
0.372000000000272E-06 0.558280000000405E+03  0.467573531407385E+05  0.337490301257587E+05
0.374000000000274E-06 0.561260000000408E+03  0.258316605117079E+05  0.315456996023683E+05
0.376000000000276E-06 0.564240000000411E+03  0.322741280383957E+05  0.359773874979110E+05
0.378000000000278E-06 0.567220000000415E+03  0.485093675954377E+05  0.410469432197033E+05
0.380000000000281E-06 0.570200000000418E+03  0.364377229044112E+05  0.293452557416419E+05
0.382000000000283E-06 0.573180000000422E+03  0.464998062303979E+05  0.289658933057634E+05
0.384000000000285E-06 0.576160000000425E+03  0.506005247791340E+05  0.176042609723151E+05
0.386000000000287E-06 0.579140000000428E+03  0.308061968488598E+05  0.383006020368102E+05
0.388000000000290E-06 0.582120000000432E+03  0.358573914630824E+05  0.387235728085109E+05
0.390000000000292E-06 0.585100000000435E+03  0.322552283904942E+05  0.295138075960310E+05
0.392000000000294E-06 0.588080000000439E+03  0.302240510115471E+05  0.453173032044710E+05
0.394000000000297E-06 0.591060000000442E+03  0.277323946785280E+05  0.406439779307294E+05
0.396000000000299E-06 0.594040000000445E+03  0.277881313181259E+05  0.399637222634313E+05
0.398000000000301E-06 0.597020000000449E+03  0.235377525911254E+05  0.521039150118460E+05
0.400000000000303E-06 0.600000000000452E+03  0.307698846077854E+05  0.418653515585706E+05
