#                t(s)                  T(K)             M_ZFC(A/m)              M_FC(A/m)
0.200000000000000E-08 0.698000000000000E+01  0.474328244305693E+04  0.288880768533458E+06
0.400000000000002E-08 0.996000000000003E+01  0.570836086288906E+04  0.288314370010855E+06
0.599999999999997E-08 0.129400000000000E+02  0.531606295446564E+04  0.288153263583025E+06
0.799999999999992E-08 0.159199999999999E+02  0.662583485840154E+04  0.288881851277229E+06
0.999999999999988E-08 0.188999999999998E+02  0.555539395778611E+04  0.287520112036070E+06
0.119999999999998E-07 0.218799999999997E+02  0.484859077418460E+04  0.286475389296710E+06
0.139999999999998E-07 0.248599999999997E+02  0.478534967876131E+04  0.287487766847987E+06
0.159999999999999E-07 0.278399999999999E+02  0.452528581427036E+04  0.288381051001329E+06
0.180000000000002E-07 0.308200000000003E+02  0.368413369571909E+04  0.285016769741725E+06
0.200000000000005E-07 0.338000000000007E+02  0.567379584338479E+04  0.285776360427374E+06
0.220000000000008E-07 0.367800000000011E+02  0.585980979769508E+04  0.286255935704878E+06
0.240000000000010E-07 0.397600000000016E+02  0.856551283978904E+04  0.287080196263904E+06
0.260000000000013E-07 0.427400000000020E+02  0.601282196892277E+04  0.284438193961901E+06
0.280000000000016E-07 0.457200000000024E+02  0.417045814095239E+04  0.286483751181973E+06
0.300000000000018E-07 0.487000000000027E+02  0.673038705227132E+04  0.285430666412376E+06
0.320000000000014E-07 0.516800000000022E+02  0.837114931751868E+04  0.284053666951905E+06
0.340000000000011E-07 0.546600000000016E+02  0.672431263114384E+04  0.285467923582460E+06
0.360000000000007E-07 0.576400000000010E+02  0.320956274489593E+04  0.285071659569938E+06
0.380000000000003E-07 0.606200000000005E+02  0.491659120221218E+04  0.283486060285585E+06
0.399999999999999E-07 0.635999999999999E+02  0.569414637825920E+04  0.282979539023036E+06
0.419999999999995E-07 0.665799999999993E+02  0.449562086696086E+04  0.283610534271640E+06
0.439999999999992E-07 0.695599999999988E+02  0.707072968316613E+04  0.284039202330443E+06
0.459999999999988E-07 0.725399999999982E+02  0.320314444193659E+04  0.282641116338605E+06
0.479999999999984E-07 0.755199999999976E+02  0.555976073292482E+04  0.281662129480060E+06
0.499999999999980E-07 0.784999999999971E+02  0.265313318730741E+04  0.281512530347348E+06
0.519999999999977E-07 0.814799999999965E+02  0.491900976867994E+04  0.283319626085368E+06
0.539999999999973E-07 0.844599999999959E+02  0.431108246645305E+04  0.282505694942223E+06
0.559999999999969E-07 0.874399999999954E+02  0.655937710028196E+04  0.280009000693868E+06
0.579999999999965E-07 0.904199999999948E+02  0.927056885346728E+04  0.281756537232856E+06
0.599999999999961E-07 0.933999999999943E+02  0.377501266641364E+04  0.280083560838587E+06
0.619999999999958E-07 0.963799999999937E+02  0.658535740046818E+04  0.281469354732696E+06
0.639999999999954E-07 0.993599999999931E+02  0.680755860530558E+04  0.280270944756186E+06
0.659999999999950E-07 0.102339999999993E+03  0.633462879575859E+04  0.280264463979787E+06
0.679999999999946E-07 0.105319999999992E+03  0.652544574926945E+04  0.281027540030493E+06
0.699999999999942E-07 0.108299999999991E+03  0.689731801143524E+04  0.277907431971037E+06
0.719999999999939E-07 0.111279999999991E+03  0.753148393988337E+04  0.281673939057589E+06
0.739999999999935E-07 0.114259999999990E+03  0.752385265690142E+04  0.280729066092669E+06
0.759999999999931E-07 0.117239999999990E+03  0.473617609568518E+04  0.278657180818950E+06
0.779999999999927E-07 0.120219999999989E+03  0.319594924165892E+04  0.280480797505140E+06
0.799999999999924E-07 0.123199999999989E+03  0.675145762181643E+04  0.279511073264438E+06
0.819999999999920E-07 0.126179999999988E+03  0.578914445410282E+04  0.275211367937639E+06
0.839999999999916E-07 0.129159999999987E+03  0.812512709980796E+04  0.279089518005096E+06
0.859999999999912E-07 0.132139999999987E+03  0.769283285761756E+04  0.278209247218464E+06
0.879999999999908E-07 0.135119999999986E+03  0.521977098101313E+04  0.280416014287174E+06
0.899999999999905E-07 0.138099999999986E+03  0.780810105278677E+04  0.276459396990449E+06
0.919999999999901E-07 0.141079999999985E+03  0.678438133736348E+04  0.277960829199671E+06
0.939999999999897E-07 0.144059999999985E+03  0.421113640831378E+04  0.279344324601138E+06
0.959999999999893E-07 0.147039999999984E+03  0.890198473245964E+04  0.275627089288702E+06
0.979999999999889E-07 0.150019999999984E+03  0.119851546542946E+05  0.277200846952039E+06
0.999999999999886E-07 0.152999999999983E+03  0.750671772428220E+04  0.273822662156614E+06
0.101999999999988E-06 0.155979999999982E+03  0.820515729550280E+04  0.275398109181007E+06
0.103999999999988E-06 0.158959999999982E+03  0.605837709486118E+04  0.274053197984508E+06
0.105999999999987E-06 0.161939999999981E+03  0.752915770405644E+04  0.277699390370181E+06
0.107999999999987E-06 0.164919999999981E+03  0.422273406997884E+03  0.274345051527063E+06
0.109999999999987E-06 0.167899999999980E+03  0.751218990994453E+04  0.271929534105464E+06
0.111999999999986E-06 0.170879999999980E+03  0.101905550385808E+05  0.272982613275894E+06
0.113999999999986E-06 0.173859999999979E+03  0.757878642081802E+04  0.270207004552411E+06
0.115999999999986E-06 0.176839999999978E+03  0.312130940679312E+04  0.273568261298009E+06
0.117999999999985E-06 0.179819999999978E+03  0.127982015766281E+05  0.271816491811755E+06
0.119999999999986E-06 0.182799999999979E+03  0.443009041461164E+04  0.268032457412195E+06
0.121999999999988E-06 0.185779999999982E+03  0.112704165814428E+05  0.278043160122875E+06
0.123999999999990E-06 0.188759999999986E+03  0.891973669672830E+04  0.270400228783038E+06
0.125999999999993E-06 0.191739999999989E+03  0.764198884296934E+04  0.272400511518880E+06
0.127999999999995E-06 0.194719999999992E+03  0.123663979593564E+05  0.269785224893935E+06
0.129999999999997E-06 0.197699999999996E+03  0.104472775746935E+05  0.265435700384413E+06
0.131999999999999E-06 0.200679999999999E+03  0.131702738736292E+05  0.263793564466220E+06
0.134000000000002E-06 0.203660000000003E+03  0.149242882528476E+05  0.262706299101589E+06
0.136000000000004E-06 0.206640000000006E+03  0.752558583283064E+04  0.260150460380168E+06
0.138000000000006E-06 0.209620000000009E+03  0.177716200255642E+05  0.261656920454459E+06
0.140000000000009E-06 0.212600000000013E+03  0.102194952226126E+05  0.260763096707425E+06
0.142000000000011E-06 0.215580000000016E+03  0.103191003360870E+05  0.259668806997777E+06
0.144000000000013E-06 0.218560000000019E+03  0.180174540662149E+05  0.257781117683778E+06
0.146000000000015E-06 0.221540000000023E+03  0.176777061275511E+05  0.257186676247764E+06
0.148000000000018E-06 0.224520000000026E+03  0.175261427701852E+05  0.256990911747377E+06
0.150000000000020E-06 0.227500000000030E+03  0.183534645120460E+05  0.257697450977579E+06
0.152000000000022E-06 0.230480000000033E+03  0.192342660918484E+05  0.254568626927812E+06
0.154000000000024E-06 0.233460000000036E+03  0.217172922248107E+05  0.253156456546919E+06
0.156000000000027E-06 0.236440000000040E+03  0.291671577914168E+05  0.251059399144972E+06
0.158000000000029E-06 0.239420000000043E+03  0.195186537071309E+05  0.249627725815749E+06
0.160000000000031E-06 0.242400000000046E+03  0.140102791156860E+05  0.242625781955131E+06
0.162000000000033E-06 0.245380000000050E+03  0.121531414419984E+05  0.244024711472623E+06
0.164000000000036E-06 0.248360000000053E+03  0.189070782786125E+05  0.248960011438870E+06
0.166000000000038E-06 0.251340000000057E+03  0.236420848636593E+05  0.242905422574526E+06
0.168000000000040E-06 0.254320000000060E+03  0.227477852766445E+05  0.246125910904578E+06
0.170000000000043E-06 0.257300000000063E+03  0.191237734444755E+05  0.241729832774241E+06
0.172000000000045E-06 0.260280000000067E+03  0.198253667910100E+05  0.241289641684409E+06
0.174000000000047E-06 0.263260000000070E+03  0.197050315050105E+05  0.232867839265096E+06
0.176000000000049E-06 0.266240000000074E+03  0.290977178822712E+05  0.233379523548846E+06
0.178000000000052E-06 0.269220000000077E+03  0.291122748700365E+05  0.227353993029505E+06
0.180000000000054E-06 0.272200000000080E+03  0.300339818368930E+05  0.221548991151452E+06
0.182000000000056E-06 0.275180000000084E+03  0.269774308635811E+05  0.223390785688483E+06
0.184000000000058E-06 0.278160000000087E+03  0.299481164118036E+05  0.223281529716975E+06
0.186000000000061E-06 0.281140000000090E+03  0.347308608278314E+05  0.214033253675745E+06
0.188000000000063E-06 0.284120000000094E+03  0.290029336004249E+05  0.207704167218284E+06
0.190000000000065E-06 0.287100000000097E+03  0.341130760103850E+05  0.205698655954922E+06
0.192000000000067E-06 0.290080000000101E+03  0.340069734519763E+05  0.199373867099557E+06
0.194000000000070E-06 0.293060000000104E+03  0.342164523466716E+05  0.194144798307054E+06
0.196000000000072E-06 0.296040000000107E+03  0.433711562315274E+05  0.191502174675443E+06
0.198000000000074E-06 0.299020000000111E+03  0.389306194348699E+05  0.191186602157369E+06
0.200000000000077E-06 0.302000000000114E+03  0.528454099861254E+05  0.187982336530460E+06
0.202000000000079E-06 0.304980000000117E+03  0.489219843774003E+05  0.183438345195134E+06
0.204000000000081E-06 0.307960000000121E+03  0.466154203847215E+05  0.174315821681438E+06
0.206000000000083E-06 0.310940000000124E+03  0.526773007056760E+05  0.177024305326782E+06
0.208000000000086E-06 0.313920000000128E+03  0.615432218656625E+05  0.170589730598054E+06
0.210000000000088E-06 0.316900000000131E+03  0.623622476870576E+05  0.164998820643441E+06
0.212000000000090E-06 0.319880000000134E+03  0.583004176138209E+05  0.158385475130639E+06
0.214000000000092E-06 0.322860000000138E+03  0.582928629173474E+05  0.149959865874108E+06
0.216000000000095E-06 0.325840000000141E+03  0.552580696127435E+05  0.151661629810158E+06
0.218000000000097E-06 0.328820000000144E+03  0.583624003174850E+05  0.149957143129087E+06
0.220000000000099E-06 0.331800000000148E+03  0.541602710728047E+05  0.143294037881218E+06
0.222000000000101E-06 0.334780000000151E+03  0.572783322732858E+05  0.135808290767067E+06
0.224000000000104E-06 0.337760000000155E+03  0.506342709225839E+05  0.130092845734315E+06
0.226000000000106E-06 0.340740000000158E+03  0.550801614882306E+05  0.131042829891182E+06
0.228000000000108E-06 0.343720000000161E+03  0.483920379551503E+05  0.121807472065890E+06
0.230000000000111E-06 0.346700000000165E+03  0.587560219436926E+05  0.121232850159496E+06
0.232000000000113E-06 0.349680000000168E+03  0.582831344793876E+05  0.115133795043728E+06
0.234000000000115E-06 0.352660000000171E+03  0.674131754829742E+05  0.118730198245817E+06
0.236000000000117E-06 0.355640000000175E+03  0.636683462098534E+05  0.104570491313831E+06
0.238000000000120E-06 0.358620000000178E+03  0.722304350742833E+05  0.112195022070334E+06
0.240000000000122E-06 0.361600000000182E+03  0.622826503307840E+05  0.105527168965640E+06
0.242000000000124E-06 0.364580000000185E+03  0.590173666280707E+05  0.102465752843327E+06
0.244000000000126E-06 0.367560000000188E+03  0.603321576316094E+05  0.996892783402210E+05
0.246000000000129E-06 0.370540000000192E+03  0.702474427730008E+05  0.924687793442657E+05
0.248000000000131E-06 0.373520000000195E+03  0.629451605357992E+05  0.873140509916785E+05
0.250000000000133E-06 0.376500000000198E+03  0.537069263445595E+05  0.892694228595719E+05
0.252000000000136E-06 0.379480000000202E+03  0.557968566290165E+05  0.888201654056546E+05
0.254000000000138E-06 0.382460000000205E+03  0.530737312771802E+05  0.851637604705866E+05
0.256000000000140E-06 0.385440000000209E+03  0.536293470774057E+05  0.780365420737942E+05
0.258000000000142E-06 0.388420000000212E+03  0.499941693048482E+05  0.712136864571290E+05
0.260000000000145E-06 0.391400000000215E+03  0.554374509690530E+05  0.749254142121941E+05
0.262000000000147E-06 0.394380000000219E+03  0.473260144443891E+05  0.684652944161381E+05
0.264000000000149E-06 0.397360000000222E+03  0.517428203693959E+05  0.740528107722639E+05
0.266000000000151E-06 0.400340000000226E+03  0.496316362159874E+05  0.751146065655037E+05
0.268000000000154E-06 0.403320000000229E+03  0.515784866733180E+05  0.643934747731709E+05
0.270000000000156E-06 0.406300000000232E+03  0.578912592504387E+05  0.661835649722567E+05
0.272000000000158E-06 0.409280000000236E+03  0.591107393011553E+05  0.575269978218789E+05
0.274000000000160E-06 0.412260000000239E+03  0.583948957471625E+05  0.660118247596782E+05
0.276000000000163E-06 0.415240000000243E+03  0.538089893496538E+05  0.717118048536176E+05
0.278000000000165E-06 0.418220000000246E+03  0.489438517129952E+05  0.748330108440895E+05
0.280000000000167E-06 0.421200000000249E+03  0.432455020535574E+05  0.673757697478826E+05
0.282000000000170E-06 0.424180000000253E+03  0.499247306805277E+05  0.683801891973321E+05
0.284000000000172E-06 0.427160000000256E+03  0.378009336573854E+05  0.624100086163755E+05
0.286000000000174E-06 0.430140000000259E+03  0.395216740954077E+05  0.655206085916802E+05
0.288000000000176E-06 0.433120000000263E+03  0.366969130899004E+05  0.708673826607567E+05
0.290000000000179E-06 0.436100000000266E+03  0.328327831169015E+05  0.727674252016225E+05
0.292000000000181E-06 0.439080000000269E+03  0.548976861803070E+05  0.744568777116746E+05
0.294000000000183E-06 0.442060000000273E+03  0.488959873019651E+05  0.580225424654371E+05
0.296000000000185E-06 0.445040000000276E+03  0.395462596150240E+05  0.550396225759996E+05
0.298000000000188E-06 0.448020000000280E+03  0.410604950848239E+05  0.583151342654263E+05
0.300000000000190E-06 0.451000000000283E+03  0.361527496584576E+05  0.466973325385746E+05
0.302000000000192E-06 0.453980000000286E+03  0.468529030359886E+05  0.413796846683228E+05
0.304000000000194E-06 0.456960000000290E+03  0.495175279424864E+05  0.390528829009620E+05
0.306000000000197E-06 0.459940000000293E+03  0.529350959575311E+05  0.424026827624707E+05
0.308000000000199E-06 0.462920000000297E+03  0.365624710103906E+05  0.472792602742056E+05
0.310000000000201E-06 0.465900000000300E+03  0.361401428230927E+05  0.422497371346137E+05
0.312000000000204E-06 0.468880000000303E+03  0.388804652617391E+05  0.488477385965854E+05
0.314000000000206E-06 0.471860000000307E+03  0.441460197354246E+05  0.471639949256785E+05
0.316000000000208E-06 0.474840000000310E+03  0.419449274582885E+05  0.491355144983340E+05
0.318000000000210E-06 0.477820000000313E+03  0.401297856959765E+05  0.452868632712873E+05
0.320000000000213E-06 0.480800000000317E+03  0.501532619750779E+05  0.415460764075474E+05
0.322000000000215E-06 0.483780000000320E+03  0.596442572414244E+05  0.419878025524519E+05
0.324000000000217E-06 0.486760000000324E+03  0.545049313935380E+05  0.526628254209989E+05
0.326000000000219E-06 0.489740000000327E+03  0.447417592858989E+05  0.535769681831822E+05
0.328000000000222E-06 0.492720000000330E+03  0.335943835175031E+05  0.475146196694679E+05
0.330000000000224E-06 0.495700000000334E+03  0.559219515201572E+05  0.381434708416125E+05
0.332000000000226E-06 0.498680000000337E+03  0.547643570033663E+05  0.285268063861204E+05
0.334000000000228E-06 0.501660000000340E+03  0.419678497337579E+05  0.450904593645590E+05
0.336000000000231E-06 0.504640000000344E+03  0.399772564153861E+05  0.566229170331198E+05
0.338000000000233E-06 0.507620000000347E+03  0.466288112718567E+05  0.419908726599601E+05
0.340000000000235E-06 0.510600000000351E+03  0.469505491371330E+05  0.336720351051096E+05
0.342000000000238E-06 0.513580000000354E+03  0.512079936039478E+05  0.584615116676742E+05
0.344000000000240E-06 0.516560000000357E+03  0.419306132576184E+05  0.591089666049042E+05
0.346000000000242E-06 0.519540000000361E+03  0.439046125554781E+05  0.422342849786444E+05
0.348000000000244E-06 0.522520000000364E+03  0.403303853537041E+05  0.410086815715248E+05
0.350000000000247E-06 0.525500000000368E+03  0.436542001615506E+05  0.466082003502860E+05
0.352000000000249E-06 0.528480000000371E+03  0.455523444715232E+05  0.470577459855182E+05
0.354000000000251E-06 0.531460000000374E+03  0.418537288235740E+05  0.439270517148758E+05
0.356000000000253E-06 0.534440000000378E+03  0.385054519026500E+05  0.539090454498813E+05
0.358000000000256E-06 0.537420000000381E+03  0.477186840655850E+05  0.573978255904983E+05
0.360000000000258E-06 0.540400000000384E+03  0.420149003652506E+05  0.586088122491778E+05
0.362000000000260E-06 0.543380000000388E+03  0.344409222063174E+05  0.536825900511010E+05
0.364000000000263E-06 0.546360000000391E+03  0.455200200676704E+05  0.458047850976006E+05
0.366000000000265E-06 0.549340000000395E+03  0.346852109893686E+05  0.307078756789705E+05
0.368000000000267E-06 0.552320000000398E+03  0.363200976145119E+05  0.516956071584803E+05
0.370000000000269E-06 0.555300000000401E+03  0.603364275663224E+05  0.295642308720259E+05
0.372000000000272E-06 0.558280000000405E+03  0.502022391580931E+05  0.246098093169029E+05
0.374000000000274E-06 0.561260000000408E+03  0.545786608960779E+05  0.448416637536410E+05
0.376000000000276E-06 0.564240000000411E+03  0.457471181534213E+05  0.518263363974916E+05
0.378000000000278E-06 0.567220000000415E+03  0.501603302768381E+05  0.530043935187406E+05
0.380000000000281E-06 0.570200000000418E+03  0.382307898207975E+05  0.437672336417475E+05
0.382000000000283E-06 0.573180000000422E+03  0.450768754726698E+05  0.466088542447771E+05
0.384000000000285E-06 0.576160000000425E+03  0.309701097327773E+05  0.495472144707640E+05
0.386000000000287E-06 0.579140000000428E+03  0.246084951814864E+05  0.648885416090794E+05
0.388000000000290E-06 0.582120000000432E+03  0.341258778388799E+05  0.366637616807796E+05
0.390000000000292E-06 0.585100000000435E+03  0.296463614007483E+05  0.514019719542820E+05
0.392000000000294E-06 0.588080000000439E+03  0.426811583270094E+05  0.381255978969758E+05
0.394000000000297E-06 0.591060000000442E+03  0.335373854341776E+05  0.366895830226761E+05
0.396000000000299E-06 0.594040000000445E+03  0.210406165844501E+05  0.385501510683869E+05
0.398000000000301E-06 0.597020000000449E+03  0.320430671568731E+05  0.227764533271432E+05
0.400000000000303E-06 0.600000000000452E+03  0.412366890707145E+05  0.325512217740735E+05
