#                t(s)                  T(K)             M_ZFC(A/m)              M_FC(A/m)
0.200000000000000E-08 0.698000000000000E+01  0.178923900572610E+05  0.292737803482374E+06
0.400000000000002E-08 0.996000000000003E+01  0.171858157224820E+05  0.293458533308839E+06
0.599999999999997E-08 0.129400000000000E+02  0.178755091872154E+05  0.292446272661342E+06
0.799999999999992E-08 0.159199999999999E+02  0.178490450025681E+05  0.292611095986077E+06
0.999999999999988E-08 0.188999999999998E+02  0.165456755251623E+05  0.292439688471315E+06
0.119999999999998E-07 0.218799999999997E+02  0.178805192912057E+05  0.291062893419034E+06
0.139999999999998E-07 0.248599999999997E+02  0.175208076890825E+05  0.292544521043470E+06
0.159999999999999E-07 0.278399999999999E+02  0.171495782115579E+05  0.293260777171185E+06
0.180000000000002E-07 0.308200000000003E+02  0.177006777733775E+05  0.290274550225176E+06
0.200000000000005E-07 0.338000000000007E+02  0.166763216626126E+05  0.293438928291450E+06
0.220000000000008E-07 0.367800000000011E+02  0.183297823622872E+05  0.288771595374999E+06
0.240000000000010E-07 0.397600000000016E+02  0.174241413878290E+05  0.292338027180652E+06
0.260000000000013E-07 0.427400000000020E+02  0.174362134122228E+05  0.289227896264079E+06
0.280000000000016E-07 0.457200000000024E+02  0.178165717111747E+05  0.291091428238338E+06
0.300000000000018E-07 0.487000000000027E+02  0.184099579077322E+05  0.289518941336693E+06
0.320000000000014E-07 0.516800000000022E+02  0.186347648885874E+05  0.290819686604552E+06
0.340000000000011E-07 0.546600000000016E+02  0.156654340530104E+05  0.291754291277789E+06
0.360000000000007E-07 0.576400000000010E+02  0.180499042694145E+05  0.290391906185400E+06
0.380000000000003E-07 0.606200000000005E+02  0.180583258652432E+05  0.287380815326860E+06
0.399999999999999E-07 0.635999999999999E+02  0.186559955353606E+05  0.289517183494845E+06
0.419999999999995E-07 0.665799999999993E+02  0.189951044685884E+05  0.286375861668148E+06
0.439999999999992E-07 0.695599999999988E+02  0.180500442514657E+05  0.285866140712998E+06
0.459999999999988E-07 0.725399999999982E+02  0.206556918595323E+05  0.283029681280073E+06
0.479999999999984E-07 0.755199999999976E+02  0.180651725414583E+05  0.287811251374558E+06
0.499999999999980E-07 0.784999999999971E+02  0.191923796867423E+05  0.288343847306406E+06
0.519999999999977E-07 0.814799999999965E+02  0.165517880543114E+05  0.285701852120722E+06
0.539999999999973E-07 0.844599999999959E+02  0.180424852325690E+05  0.284962418735887E+06
0.559999999999969E-07 0.874399999999954E+02  0.162902213963719E+05  0.286758747374923E+06
0.579999999999965E-07 0.904199999999948E+02  0.177868605589223E+05  0.285788113700715E+06
0.599999999999961E-07 0.933999999999943E+02  0.163738778853599E+05  0.286102548657936E+06
0.619999999999958E-07 0.963799999999937E+02  0.193092855751193E+05  0.285363534359243E+06
0.639999999999954E-07 0.993599999999931E+02  0.147904154681344E+05  0.287052522889770E+06
0.659999999999950E-07 0.102339999999993E+03  0.178977760696211E+05  0.286507007571003E+06
0.679999999999946E-07 0.105319999999992E+03  0.192601205139743E+05  0.283506254569517E+06
0.699999999999942E-07 0.108299999999991E+03  0.171405905310365E+05  0.282627544324636E+06
0.719999999999939E-07 0.111279999999991E+03  0.172927706955823E+05  0.284510699448555E+06
0.739999999999935E-07 0.114259999999990E+03  0.197289070668002E+05  0.285822783572418E+06
0.759999999999931E-07 0.117239999999990E+03  0.160824598718088E+05  0.285371996608949E+06
0.779999999999927E-07 0.120219999999989E+03  0.163916946865837E+05  0.284206837449020E+06
0.799999999999924E-07 0.123199999999989E+03  0.171077238715220E+05  0.282432434713657E+06
0.819999999999920E-07 0.126179999999988E+03  0.158434028645144E+05  0.286234921159328E+06
0.839999999999916E-07 0.129159999999987E+03  0.185761277768583E+05  0.279914028880132E+06
0.859999999999912E-07 0.132139999999987E+03  0.154376059283885E+05  0.285041670937514E+06
0.879999999999908E-07 0.135119999999986E+03  0.189637573098124E+05  0.282532276972508E+06
0.899999999999905E-07 0.138099999999986E+03  0.168127139146775E+05  0.284449498745565E+06
0.919999999999901E-07 0.141079999999985E+03  0.184147911434137E+05  0.283610013385272E+06
0.939999999999897E-07 0.144059999999985E+03  0.184811769478957E+05  0.281663173766172E+06
0.959999999999893E-07 0.147039999999984E+03  0.189756158701235E+05  0.281397119860432E+06
0.979999999999889E-07 0.150019999999984E+03  0.180679324072840E+05  0.276553482286969E+06
0.999999999999886E-07 0.152999999999983E+03  0.202372094689026E+05  0.278527415091768E+06
0.101999999999988E-06 0.155979999999982E+03  0.198699577760146E+05  0.283219511028876E+06
0.103999999999988E-06 0.158959999999982E+03  0.194368485784022E+05  0.280412171255906E+06
0.105999999999987E-06 0.161939999999981E+03  0.176693216351531E+05  0.278068411255604E+06
0.107999999999987E-06 0.164919999999981E+03  0.160491660623651E+05  0.280687656289366E+06
0.109999999999987E-06 0.167899999999980E+03  0.172064410332139E+05  0.281759654755199E+06
0.111999999999986E-06 0.170879999999980E+03  0.174305835227550E+05  0.280467793774328E+06
0.113999999999986E-06 0.173859999999979E+03  0.196194585319383E+05  0.278201439995324E+06
0.115999999999986E-06 0.176839999999978E+03  0.166103467588447E+05  0.279249034453098E+06
0.117999999999985E-06 0.179819999999978E+03  0.159124626123760E+05  0.276935721165032E+06
0.119999999999986E-06 0.182799999999979E+03  0.188498461969989E+05  0.280636911199376E+06
0.121999999999988E-06 0.185779999999982E+03  0.158564323815446E+05  0.276610149046623E+06
0.123999999999990E-06 0.188759999999986E+03  0.170628899825404E+05  0.279765172396352E+06
0.125999999999993E-06 0.191739999999989E+03  0.128874817766134E+05  0.274266330786680E+06
0.127999999999995E-06 0.194719999999992E+03  0.143078179467759E+05  0.275288610212160E+06
0.129999999999997E-06 0.197699999999996E+03  0.179423063950476E+05  0.273854035975537E+06
0.131999999999999E-06 0.200679999999999E+03  0.193180129414030E+05  0.273027744844048E+06
0.134000000000002E-06 0.203660000000003E+03  0.178984986742563E+05  0.274700409170957E+06
0.136000000000004E-06 0.206640000000006E+03  0.207531245733241E+05  0.272385335908918E+06
0.138000000000006E-06 0.209620000000009E+03  0.147614127317120E+05  0.270905516620853E+06
0.140000000000009E-06 0.212600000000013E+03  0.189916401334221E+05  0.269433647425944E+06
0.142000000000011E-06 0.215580000000016E+03  0.177115366847033E+05  0.266221098475619E+06
0.144000000000013E-06 0.218560000000019E+03  0.160710811174976E+05  0.268757801875640E+06
0.146000000000015E-06 0.221540000000023E+03  0.201519440928204E+05  0.264621599983858E+06
0.148000000000018E-06 0.224520000000026E+03  0.193869060570718E+05  0.269241279107096E+06
0.150000000000020E-06 0.227500000000030E+03  0.190910755934993E+05  0.256988748123448E+06
0.152000000000022E-06 0.230480000000033E+03  0.192448314533434E+05  0.261345017600927E+06
0.154000000000024E-06 0.233460000000036E+03  0.177020702198602E+05  0.254202750222676E+06
0.156000000000027E-06 0.236440000000040E+03  0.216976371674297E+05  0.260663518851972E+06
0.158000000000029E-06 0.239420000000043E+03  0.162736158049452E+05  0.250694568164474E+06
0.160000000000031E-06 0.242400000000046E+03  0.198868076584280E+05  0.256228145200774E+06
0.162000000000033E-06 0.245380000000050E+03  0.192742285187295E+05  0.250643142237045E+06
0.164000000000036E-06 0.248360000000053E+03  0.197287873302423E+05  0.249213834746996E+06
0.166000000000038E-06 0.251340000000057E+03  0.273352209660017E+05  0.247147356758857E+06
0.168000000000040E-06 0.254320000000060E+03  0.257819221771447E+05  0.243120306671275E+06
0.170000000000043E-06 0.257300000000063E+03  0.281200337184142E+05  0.238403035250639E+06
0.172000000000045E-06 0.260280000000067E+03  0.302824171344577E+05  0.232485226729418E+06
0.174000000000047E-06 0.263260000000070E+03  0.381216354133658E+05  0.234188066567604E+06
0.176000000000049E-06 0.266240000000074E+03  0.367453481568620E+05  0.237532681665565E+06
0.178000000000052E-06 0.269220000000077E+03  0.391893161448328E+05  0.231360451684222E+06
0.180000000000054E-06 0.272200000000080E+03  0.333309635607872E+05  0.232322612353783E+06
0.182000000000056E-06 0.275180000000084E+03  0.366524184381209E+05  0.223885303223678E+06
0.184000000000058E-06 0.278160000000087E+03  0.397057811442584E+05  0.227024748609184E+06
0.186000000000061E-06 0.281140000000090E+03  0.448630758187081E+05  0.213906094085342E+06
0.188000000000063E-06 0.284120000000094E+03  0.573231515869194E+05  0.221581864325785E+06
0.190000000000065E-06 0.287100000000097E+03  0.524092232809958E+05  0.221161899324233E+06
0.192000000000067E-06 0.290080000000101E+03  0.589068922307930E+05  0.215266189283253E+06
0.194000000000070E-06 0.293060000000104E+03  0.506893066669003E+05  0.215526897603137E+06
0.196000000000072E-06 0.296040000000107E+03  0.544576495589965E+05  0.209130990223325E+06
0.198000000000074E-06 0.299020000000111E+03  0.585831645305697E+05  0.203052772152767E+06
0.200000000000077E-06 0.302000000000114E+03  0.568824303794346E+05  0.195718269807202E+06
0.202000000000079E-06 0.304980000000117E+03  0.670556773441679E+05  0.189453346411583E+06
0.204000000000081E-06 0.307960000000121E+03  0.636557107758121E+05  0.186519281508030E+06
0.206000000000083E-06 0.310940000000124E+03  0.715033387581786E+05  0.174079143877165E+06
0.208000000000086E-06 0.313920000000128E+03  0.653196498207232E+05  0.166790413703474E+06
0.210000000000088E-06 0.316900000000131E+03  0.609154272666109E+05  0.169696728780970E+06
0.212000000000090E-06 0.319880000000134E+03  0.672688287137064E+05  0.163556006075696E+06
0.214000000000092E-06 0.322860000000138E+03  0.653269325055102E+05  0.158643062830654E+06
0.216000000000095E-06 0.325840000000141E+03  0.696652216668085E+05  0.150297947562284E+06
0.218000000000097E-06 0.328820000000144E+03  0.729434815106621E+05  0.149811510429654E+06
0.220000000000099E-06 0.331800000000148E+03  0.675935934104475E+05  0.143556418792195E+06
0.222000000000101E-06 0.334780000000151E+03  0.711010612683277E+05  0.138447200057546E+06
0.224000000000104E-06 0.337760000000155E+03  0.641918452228537E+05  0.127195422548179E+06
0.226000000000106E-06 0.340740000000158E+03  0.783080755727833E+05  0.125358935673648E+06
0.228000000000108E-06 0.343720000000161E+03  0.746229859252643E+05  0.116575851430269E+06
0.230000000000111E-06 0.346700000000165E+03  0.774725739648007E+05  0.111611375500566E+06
0.232000000000113E-06 0.349680000000168E+03  0.735026571228210E+05  0.117682590432095E+06
0.234000000000115E-06 0.352660000000171E+03  0.781624978681051E+05  0.115220513027056E+06
0.236000000000117E-06 0.355640000000175E+03  0.778696617573441E+05  0.112864834786610E+06
0.238000000000120E-06 0.358620000000178E+03  0.782977825834903E+05  0.102750332335223E+06
0.240000000000122E-06 0.361600000000182E+03  0.753455965163948E+05  0.968484057009327E+05
0.242000000000124E-06 0.364580000000185E+03  0.844389567040063E+05  0.890736403227234E+05
0.244000000000126E-06 0.367560000000188E+03  0.786303302319092E+05  0.103480104264431E+06
0.246000000000129E-06 0.370540000000192E+03  0.822672027162549E+05  0.100848347378748E+06
0.248000000000131E-06 0.373520000000195E+03  0.866407379814333E+05  0.972054758860485E+05
0.250000000000133E-06 0.376500000000198E+03  0.806928628925804E+05  0.905361962952744E+05
0.252000000000136E-06 0.379480000000202E+03  0.820183126185655E+05  0.963554825673902E+05
0.254000000000138E-06 0.382460000000205E+03  0.794122303237148E+05  0.808548696506578E+05
0.256000000000140E-06 0.385440000000209E+03  0.769697923386802E+05  0.863519850780980E+05
0.258000000000142E-06 0.388420000000212E+03  0.800051548983198E+05  0.808347738409396E+05
0.260000000000145E-06 0.391400000000215E+03  0.735484130566307E+05  0.813844591052529E+05
0.262000000000147E-06 0.394380000000219E+03  0.799103422243192E+05  0.710910112952030E+05
0.264000000000149E-06 0.397360000000222E+03  0.637296692557200E+05  0.813754999457189E+05
0.266000000000151E-06 0.400340000000226E+03  0.675564929282496E+05  0.827793047362641E+05
0.268000000000154E-06 0.403320000000229E+03  0.637229147997474E+05  0.667518621871582E+05
0.270000000000156E-06 0.406300000000232E+03  0.516877880335393E+05  0.578837459117062E+05
0.272000000000158E-06 0.409280000000236E+03  0.586015363697884E+05  0.589354729453033E+05
0.274000000000160E-06 0.412260000000239E+03  0.573144413806410E+05  0.628227144323177E+05
0.276000000000163E-06 0.415240000000243E+03  0.516673027835803E+05  0.529263208274265E+05
0.278000000000165E-06 0.418220000000246E+03  0.580516471187802E+05  0.488098513164655E+05
0.280000000000167E-06 0.421200000000249E+03  0.537880617849240E+05  0.428616119349645E+05
0.282000000000170E-06 0.424180000000253E+03  0.496073086143256E+05  0.421302842780335E+05
0.284000000000172E-06 0.427160000000256E+03  0.615587409968122E+05  0.540659150424097E+05
0.286000000000174E-06 0.430140000000259E+03  0.562460986623791E+05  0.587504143151622E+05
0.288000000000176E-06 0.433120000000263E+03  0.586946525654357E+05  0.509494606707499E+05
0.290000000000179E-06 0.436100000000266E+03  0.641019200594771E+05  0.419769873329332E+05
0.292000000000181E-06 0.439080000000269E+03  0.588109378360948E+05  0.427319154507582E+05
0.294000000000183E-06 0.442060000000273E+03  0.602375342414213E+05  0.412143566669649E+05
0.296000000000185E-06 0.445040000000276E+03  0.642508784671943E+05  0.383012499317108E+05
0.298000000000188E-06 0.448020000000280E+03  0.602057899048351E+05  0.384251499846225E+05
0.300000000000190E-06 0.451000000000283E+03  0.569695619020302E+05  0.447759650527859E+05
0.302000000000192E-06 0.453980000000286E+03  0.670951486011553E+05  0.581319116225033E+05
0.304000000000194E-06 0.456960000000290E+03  0.629950603316225E+05  0.514757608394693E+05
0.306000000000197E-06 0.459940000000293E+03  0.709872273584340E+05  0.519192067787357E+05
0.308000000000199E-06 0.462920000000297E+03  0.649804798657484E+05  0.468041472744409E+05
0.310000000000201E-06 0.465900000000300E+03  0.632948728466722E+05  0.470128945876823E+05
0.312000000000204E-06 0.468880000000303E+03  0.569438660274308E+05  0.433388574863197E+05
0.314000000000206E-06 0.471860000000307E+03  0.503520320806271E+05  0.565955505608809E+05
0.316000000000208E-06 0.474840000000310E+03  0.495758638600870E+05  0.541045831299030E+05
0.318000000000210E-06 0.477820000000313E+03  0.580891073194397E+05  0.665021620590293E+05
0.320000000000213E-06 0.480800000000317E+03  0.477117041734558E+05  0.575914522561730E+05
0.322000000000215E-06 0.483780000000320E+03  0.501475406873910E+05  0.455634940057980E+05
0.324000000000217E-06 0.486760000000324E+03  0.478867808486067E+05  0.514088375253572E+05
0.326000000000219E-06 0.489740000000327E+03  0.541990925889415E+05  0.482832750459265E+05
0.328000000000222E-06 0.492720000000330E+03  0.497080576097517E+05  0.501565747718455E+05
0.330000000000224E-06 0.495700000000334E+03  0.385817275466695E+05  0.470838685747499E+05
0.332000000000226E-06 0.498680000000337E+03  0.573078714782069E+05  0.521086670792571E+05
0.334000000000228E-06 0.501660000000340E+03  0.330824795076745E+05  0.405424264889700E+05
0.336000000000231E-06 0.504640000000344E+03  0.426776799141418E+05  0.393683625183812E+05
0.338000000000233E-06 0.507620000000347E+03  0.228232782384646E+05  0.260728252878622E+05
0.340000000000235E-06 0.510600000000351E+03  0.209799821589371E+05  0.351424648074303E+05
0.342000000000238E-06 0.513580000000354E+03  0.306008711252037E+05  0.390894575242030E+05
0.344000000000240E-06 0.516560000000357E+03  0.365866722057648E+05  0.295223775084880E+05
0.346000000000242E-06 0.519540000000361E+03  0.348727966923697E+05  0.382977964677473E+05
0.348000000000244E-06 0.522520000000364E+03  0.559396481418697E+05  0.478908199691791E+05
0.350000000000247E-06 0.525500000000368E+03  0.503181650987061E+05  0.338749379345840E+05
0.352000000000249E-06 0.528480000000371E+03  0.382012049702756E+05  0.502398864588947E+05
0.354000000000251E-06 0.531460000000374E+03  0.436313595101109E+05  0.426954214192792E+05
0.356000000000253E-06 0.534440000000378E+03  0.459313322586086E+05  0.484830005219051E+05
0.358000000000256E-06 0.537420000000381E+03  0.435096102618775E+05  0.458445735694087E+05
0.360000000000258E-06 0.540400000000384E+03  0.414620810715730E+05  0.484086956912984E+05
0.362000000000260E-06 0.543380000000388E+03  0.437215923799599E+05  0.508818455547824E+05
0.364000000000263E-06 0.546360000000391E+03  0.406788037900152E+05  0.538087651757633E+05
0.366000000000265E-06 0.549340000000395E+03  0.467367206636853E+05  0.464914544572112E+05
0.368000000000267E-06 0.552320000000398E+03  0.376594999738755E+05  0.321899631264480E+05
0.370000000000269E-06 0.555300000000401E+03  0.406204525165426E+05  0.476393979173081E+05
0.372000000000272E-06 0.558280000000405E+03  0.425818417967044E+05  0.546368041888666E+05
0.374000000000274E-06 0.561260000000408E+03  0.424018788983257E+05  0.443588435767980E+05
0.376000000000276E-06 0.564240000000411E+03  0.474753295620458E+05  0.712613717953136E+05
0.378000000000278E-06 0.567220000000415E+03  0.528002513809738E+05  0.434354442094882E+05
0.380000000000281E-06 0.570200000000418E+03  0.512297435401528E+05  0.352230059726139E+05
0.382000000000283E-06 0.573180000000422E+03  0.461119133239730E+05  0.277924533834495E+05
0.384000000000285E-06 0.576160000000425E+03  0.407465036370373E+05  0.296153273632199E+05
0.386000000000287E-06 0.579140000000428E+03  0.475471344088989E+05  0.340307729005622E+05
0.388000000000290E-06 0.582120000000432E+03  0.445010767184124E+05  0.296472515806617E+05
0.390000000000292E-06 0.585100000000435E+03  0.432677366933543E+05  0.230215616031673E+05
0.392000000000294E-06 0.588080000000439E+03  0.322460435823829E+05  0.375605483001499E+05
0.394000000000297E-06 0.591060000000442E+03  0.355170912448610E+05  0.410343989895339E+05
0.396000000000299E-06 0.594040000000445E+03  0.410141806804512E+05  0.412333446039159E+05
0.398000000000301E-06 0.597020000000449E+03  0.336270344939093E+05  0.302693887574349E+05
0.400000000000303E-06 0.600000000000452E+03  0.366339071528663E+05  0.432664048115882E+05
