#                t(s)                  T(K)             M_ZFC(A/m)              M_FC(A/m)
0.200000000000000E-08 0.698000000000000E+01  0.221761538404787E+05  0.295299516181326E+06
0.400000000000002E-08 0.996000000000003E+01  0.238630446980204E+05  0.295701980629462E+06
0.599999999999997E-08 0.129400000000000E+02  0.226677577501118E+05  0.295269298854721E+06
0.799999999999992E-08 0.159199999999999E+02  0.228956914742381E+05  0.295110012599160E+06
0.999999999999988E-08 0.188999999999998E+02  0.233252023235140E+05  0.293698662998932E+06
0.119999999999998E-07 0.218799999999997E+02  0.227272169215320E+05  0.294822328620056E+06
0.139999999999998E-07 0.248599999999997E+02  0.235548966902304E+05  0.293482805509186E+06
0.159999999999999E-07 0.278399999999999E+02  0.220618025700516E+05  0.295058721499427E+06
0.180000000000002E-07 0.308200000000003E+02  0.235519753655578E+05  0.293733843513531E+06
0.200000000000005E-07 0.338000000000007E+02  0.236331224413760E+05  0.293845581090726E+06
0.220000000000008E-07 0.367800000000011E+02  0.227377290052314E+05  0.291799826994651E+06
0.240000000000010E-07 0.397600000000016E+02  0.225678757974085E+05  0.291370346318768E+06
0.260000000000013E-07 0.427400000000020E+02  0.221813004388784E+05  0.292296327454066E+06
0.280000000000016E-07 0.457200000000024E+02  0.215079326946299E+05  0.295000364468498E+06
0.300000000000018E-07 0.487000000000027E+02  0.227434932391077E+05  0.293129735327498E+06
0.320000000000014E-07 0.516800000000022E+02  0.203672106795913E+05  0.291404325983543E+06
0.340000000000011E-07 0.546600000000016E+02  0.223497433506656E+05  0.292046984359017E+06
0.360000000000007E-07 0.576400000000010E+02  0.224408903649916E+05  0.288599756390096E+06
0.380000000000003E-07 0.606200000000005E+02  0.235577741216755E+05  0.291103806700487E+06
0.399999999999999E-07 0.635999999999999E+02  0.207599900884039E+05  0.288730887663965E+06
0.419999999999995E-07 0.665799999999993E+02  0.204183356958811E+05  0.291970474683932E+06
0.439999999999992E-07 0.695599999999988E+02  0.258768017340029E+05  0.288046934894207E+06
0.459999999999988E-07 0.725399999999982E+02  0.237849442083294E+05  0.289724087221832E+06
0.479999999999984E-07 0.755199999999976E+02  0.237361700868883E+05  0.288234423022267E+06
0.499999999999980E-07 0.784999999999971E+02  0.241073821377481E+05  0.287375610599308E+06
0.519999999999977E-07 0.814799999999965E+02  0.199668115030176E+05  0.292686987090557E+06
0.539999999999973E-07 0.844599999999959E+02  0.218416070090092E+05  0.289507794737135E+06
0.559999999999969E-07 0.874399999999954E+02  0.209239967711411E+05  0.288736833428393E+06
0.579999999999965E-07 0.904199999999948E+02  0.228141025669344E+05  0.289709017477574E+06
0.599999999999961E-07 0.933999999999943E+02  0.206789045453429E+05  0.286843006598991E+06
0.619999999999958E-07 0.963799999999937E+02  0.249391596001566E+05  0.288185069645989E+06
0.639999999999954E-07 0.993599999999931E+02  0.233124831203234E+05  0.287463859768313E+06
0.659999999999950E-07 0.102339999999993E+03  0.218256133952213E+05  0.291336480385261E+06
0.679999999999946E-07 0.105319999999992E+03  0.252746443200079E+05  0.288954146193972E+06
0.699999999999942E-07 0.108299999999991E+03  0.241317528898143E+05  0.288336687319381E+06
0.719999999999939E-07 0.111279999999991E+03  0.212595501575832E+05  0.287134246224584E+06
0.739999999999935E-07 0.114259999999990E+03  0.233110752221900E+05  0.284952861324507E+06
0.759999999999931E-07 0.117239999999990E+03  0.222772028003661E+05  0.288349853021109E+06
0.779999999999927E-07 0.120219999999989E+03  0.221590781265443E+05  0.285331738221295E+06
0.799999999999924E-07 0.123199999999989E+03  0.204467407172123E+05  0.283623799929286E+06
0.819999999999920E-07 0.126179999999988E+03  0.218957611256054E+05  0.285354263137360E+06
0.839999999999916E-07 0.129159999999987E+03  0.200383288016838E+05  0.286425224843059E+06
0.859999999999912E-07 0.132139999999987E+03  0.227129703244455E+05  0.284049835002502E+06
0.879999999999908E-07 0.135119999999986E+03  0.213885366818242E+05  0.284822822932228E+06
0.899999999999905E-07 0.138099999999986E+03  0.236086120281430E+05  0.284563926735869E+06
0.919999999999901E-07 0.141079999999985E+03  0.224213608835504E+05  0.285955270795381E+06
0.939999999999897E-07 0.144059999999985E+03  0.200145075243181E+05  0.283390443810480E+06
0.959999999999893E-07 0.147039999999984E+03  0.238707963566204E+05  0.281481773769877E+06
0.979999999999889E-07 0.150019999999984E+03  0.225746420836788E+05  0.285354053783501E+06
0.999999999999886E-07 0.152999999999983E+03  0.196654644566430E+05  0.281166540466832E+06
0.101999999999988E-06 0.155979999999982E+03  0.210423628253952E+05  0.279804387846846E+06
0.103999999999988E-06 0.158959999999982E+03  0.212858164382816E+05  0.282088098963370E+06
0.105999999999987E-06 0.161939999999981E+03  0.191164882905779E+05  0.279290981460011E+06
0.107999999999987E-06 0.164919999999981E+03  0.252041973957534E+05  0.282430370809655E+06
0.109999999999987E-06 0.167899999999980E+03  0.207373351400394E+05  0.280770532582751E+06
0.111999999999986E-06 0.170879999999980E+03  0.267895308749146E+05  0.277222648473793E+06
0.113999999999986E-06 0.173859999999979E+03  0.220578236713606E+05  0.275502305559638E+06
0.115999999999986E-06 0.176839999999978E+03  0.240683394084688E+05  0.278201088465045E+06
0.117999999999985E-06 0.179819999999978E+03  0.224941944809264E+05  0.276873962365134E+06
0.119999999999986E-06 0.182799999999979E+03  0.234234407187816E+05  0.278622285446405E+06
0.121999999999988E-06 0.185779999999982E+03  0.275798332620613E+05  0.275160260775126E+06
0.123999999999990E-06 0.188759999999986E+03  0.254032920474547E+05  0.276764602334390E+06
0.125999999999993E-06 0.191739999999989E+03  0.264941165518770E+05  0.272831181239723E+06
0.127999999999995E-06 0.194719999999992E+03  0.257914361059760E+05  0.273993252594536E+06
0.129999999999997E-06 0.197699999999996E+03  0.253003305930158E+05  0.272661658041413E+06
0.131999999999999E-06 0.200679999999999E+03  0.237256169939715E+05  0.269605316256956E+06
0.134000000000002E-06 0.203660000000003E+03  0.258616342168017E+05  0.272749849988389E+06
0.136000000000004E-06 0.206640000000006E+03  0.229885996802333E+05  0.273307797480344E+06
0.138000000000006E-06 0.209620000000009E+03  0.256995810758637E+05  0.269369688411667E+06
0.140000000000009E-06 0.212600000000013E+03  0.280314460482337E+05  0.269663930529517E+06
0.142000000000011E-06 0.215580000000016E+03  0.232838541931497E+05  0.271131307095070E+06
0.144000000000013E-06 0.218560000000019E+03  0.244976895808149E+05  0.267112818247927E+06
0.146000000000015E-06 0.221540000000023E+03  0.272142717574810E+05  0.266332126542874E+06
0.148000000000018E-06 0.224520000000026E+03  0.251428180370475E+05  0.264366940573930E+06
0.150000000000020E-06 0.227500000000030E+03  0.299052725505968E+05  0.255788165249990E+06
0.152000000000022E-06 0.230480000000033E+03  0.241268373109872E+05  0.258907556712250E+06
0.154000000000024E-06 0.233460000000036E+03  0.248972924958334E+05  0.255178475374447E+06
0.156000000000027E-06 0.236440000000040E+03  0.259291674454351E+05  0.254419094350751E+06
0.158000000000029E-06 0.239420000000043E+03  0.243492021285591E+05  0.252061625886055E+06
0.160000000000031E-06 0.242400000000046E+03  0.301408677473498E+05  0.256099154823389E+06
0.162000000000033E-06 0.245380000000050E+03  0.331094219077364E+05  0.249766926350892E+06
0.164000000000036E-06 0.248360000000053E+03  0.312571633166050E+05  0.240980093489919E+06
0.166000000000038E-06 0.251340000000057E+03  0.370799446252526E+05  0.242009613179335E+06
0.168000000000040E-06 0.254320000000060E+03  0.326673245306499E+05  0.238240176261549E+06
0.170000000000043E-06 0.257300000000063E+03  0.368381476316655E+05  0.230831292720166E+06
0.172000000000045E-06 0.260280000000067E+03  0.388965306957280E+05  0.234061729904645E+06
0.174000000000047E-06 0.263260000000070E+03  0.438726240712747E+05  0.233332058558236E+06
0.176000000000049E-06 0.266240000000074E+03  0.400327340998428E+05  0.231069209421368E+06
0.178000000000052E-06 0.269220000000077E+03  0.458896231552194E+05  0.222320165007197E+06
0.180000000000054E-06 0.272200000000080E+03  0.373759792233533E+05  0.218088856463817E+06
0.182000000000056E-06 0.275180000000084E+03  0.389783346880217E+05  0.213231611156286E+06
0.184000000000058E-06 0.278160000000087E+03  0.387750567666824E+05  0.213533110500955E+06
0.186000000000061E-06 0.281140000000090E+03  0.414051935412702E+05  0.217201373950513E+06
0.188000000000063E-06 0.284120000000094E+03  0.427950885300587E+05  0.211384740445443E+06
0.190000000000065E-06 0.287100000000097E+03  0.442345742830538E+05  0.203112498284430E+06
0.192000000000067E-06 0.290080000000101E+03  0.518102475161795E+05  0.197547094459841E+06
0.194000000000070E-06 0.293060000000104E+03  0.479871791419412E+05  0.193630213961290E+06
0.196000000000072E-06 0.296040000000107E+03  0.514084826481443E+05  0.193692426588347E+06
0.198000000000074E-06 0.299020000000111E+03  0.588680534522738E+05  0.184603195407468E+06
0.200000000000077E-06 0.302000000000114E+03  0.532541116960590E+05  0.180021284282726E+06
0.202000000000079E-06 0.304980000000117E+03  0.591666361077503E+05  0.174256070246560E+06
0.204000000000081E-06 0.307960000000121E+03  0.659209652720588E+05  0.171079977731880E+06
0.206000000000083E-06 0.310940000000124E+03  0.663668423499708E+05  0.168249734429175E+06
0.208000000000086E-06 0.313920000000128E+03  0.635419844544285E+05  0.168507663707468E+06
0.210000000000088E-06 0.316900000000131E+03  0.715497310246422E+05  0.163042319792225E+06
0.212000000000090E-06 0.319880000000134E+03  0.651999983441331E+05  0.149473964348277E+06
0.214000000000092E-06 0.322860000000138E+03  0.632258645514809E+05  0.150541626424551E+06
0.216000000000095E-06 0.325840000000141E+03  0.657034224696122E+05  0.138081720922875E+06
0.218000000000097E-06 0.328820000000144E+03  0.693764084539420E+05  0.130654254779260E+06
0.220000000000099E-06 0.331800000000148E+03  0.672648620543351E+05  0.138479423766457E+06
0.222000000000101E-06 0.334780000000151E+03  0.669704558790186E+05  0.133477937941207E+06
0.224000000000104E-06 0.337760000000155E+03  0.722282556872252E+05  0.123433927533126E+06
0.226000000000106E-06 0.340740000000158E+03  0.692069308317504E+05  0.121773725393435E+06
0.228000000000108E-06 0.343720000000161E+03  0.636522748735869E+05  0.122545606670771E+06
0.230000000000111E-06 0.346700000000165E+03  0.703145417247868E+05  0.114754372663239E+06
0.232000000000113E-06 0.349680000000168E+03  0.714106000905240E+05  0.108002984643114E+06
0.234000000000115E-06 0.352660000000171E+03  0.731379120296448E+05  0.104253718770465E+06
0.236000000000117E-06 0.355640000000175E+03  0.666811374877507E+05  0.104389464453140E+06
0.238000000000120E-06 0.358620000000178E+03  0.715021510719528E+05  0.106161588312037E+06
0.240000000000122E-06 0.361600000000182E+03  0.768203574824110E+05  0.984615121591360E+05
0.242000000000124E-06 0.364580000000185E+03  0.672245899065196E+05  0.103891378568140E+06
0.244000000000126E-06 0.367560000000188E+03  0.744033218949630E+05  0.998659409900410E+05
0.246000000000129E-06 0.370540000000192E+03  0.584268500465727E+05  0.988161491012954E+05
0.248000000000131E-06 0.373520000000195E+03  0.672853891021920E+05  0.906117177269951E+05
0.250000000000133E-06 0.376500000000198E+03  0.620819257465335E+05  0.834184964156510E+05
0.252000000000136E-06 0.379480000000202E+03  0.543284879117467E+05  0.835779607846081E+05
0.254000000000138E-06 0.382460000000205E+03  0.566995173900674E+05  0.916198633569886E+05
0.256000000000140E-06 0.385440000000209E+03  0.466438814016673E+05  0.933729821515160E+05
0.258000000000142E-06 0.388420000000212E+03  0.553864980038340E+05  0.854510859647429E+05
0.260000000000145E-06 0.391400000000215E+03  0.495359600516785E+05  0.777083625730433E+05
0.262000000000147E-06 0.394380000000219E+03  0.521617956036350E+05  0.748755795685400E+05
0.264000000000149E-06 0.397360000000222E+03  0.469146848745464E+05  0.685347610439658E+05
0.266000000000151E-06 0.400340000000226E+03  0.467538058410139E+05  0.806261158509095E+05
0.268000000000154E-06 0.403320000000229E+03  0.484523607088618E+05  0.757850766379854E+05
0.270000000000156E-06 0.406300000000232E+03  0.443307612962148E+05  0.735873039392495E+05
0.272000000000158E-06 0.409280000000236E+03  0.463671150952753E+05  0.717002853332406E+05
0.274000000000160E-06 0.412260000000239E+03  0.564974721464335E+05  0.708717923916845E+05
0.276000000000163E-06 0.415240000000243E+03  0.489415011991843E+05  0.717480172370600E+05
0.278000000000165E-06 0.418220000000246E+03  0.382344451707013E+05  0.609932957955051E+05
0.280000000000167E-06 0.421200000000249E+03  0.595593881224885E+05  0.642764475569168E+05
0.282000000000170E-06 0.424180000000253E+03  0.531465798466219E+05  0.478202428471155E+05
0.284000000000172E-06 0.427160000000256E+03  0.573760588417517E+05  0.492190399334696E+05
0.286000000000174E-06 0.430140000000259E+03  0.625253387888529E+05  0.536582228664381E+05
0.288000000000176E-06 0.433120000000263E+03  0.558936388500945E+05  0.468018872637094E+05
0.290000000000179E-06 0.436100000000266E+03  0.603536067717687E+05  0.431286545570386E+05
0.292000000000181E-06 0.439080000000269E+03  0.605785556594605E+05  0.392957048731194E+05
0.294000000000183E-06 0.442060000000273E+03  0.523133876887639E+05  0.543876722055511E+05
0.296000000000185E-06 0.445040000000276E+03  0.543710893532702E+05  0.468234662374559E+05
0.298000000000188E-06 0.448020000000280E+03  0.625734506728650E+05  0.435637089886607E+05
0.300000000000190E-06 0.451000000000283E+03  0.594742029196899E+05  0.337378970984269E+05
0.302000000000192E-06 0.453980000000286E+03  0.641598580379121E+05  0.364538239812650E+05
0.304000000000194E-06 0.456960000000290E+03  0.569062570661363E+05  0.418103362135735E+05
0.306000000000197E-06 0.459940000000293E+03  0.623601239232844E+05  0.440487381194558E+05
0.308000000000199E-06 0.462920000000297E+03  0.553067529187270E+05  0.495152217448377E+05
0.310000000000201E-06 0.465900000000300E+03  0.598290442244868E+05  0.427335208149935E+05
0.312000000000204E-06 0.468880000000303E+03  0.627869455207194E+05  0.471800590018307E+05
0.314000000000206E-06 0.471860000000307E+03  0.620145959094353E+05  0.469748290964331E+05
0.316000000000208E-06 0.474840000000310E+03  0.561151164355541E+05  0.346577712669224E+05
0.318000000000210E-06 0.477820000000313E+03  0.656916759670052E+05  0.409053352054618E+05
0.320000000000213E-06 0.480800000000317E+03  0.630532125397631E+05  0.494005041883881E+05
0.322000000000215E-06 0.483780000000320E+03  0.728132712025340E+05  0.437035979625293E+05
0.324000000000217E-06 0.486760000000324E+03  0.660224826120975E+05  0.491289485131112E+05
0.326000000000219E-06 0.489740000000327E+03  0.612960248083341E+05  0.427444930826121E+05
0.328000000000222E-06 0.492720000000330E+03  0.615031170104540E+05  0.350225516241576E+05
0.330000000000224E-06 0.495700000000334E+03  0.599483893521801E+05  0.246320307608212E+05
0.332000000000226E-06 0.498680000000337E+03  0.561555003910360E+05  0.229611001882192E+05
0.334000000000228E-06 0.501660000000340E+03  0.609443115430137E+05  0.184910494423076E+05
0.336000000000231E-06 0.504640000000344E+03  0.553585993022122E+05  0.191088548313187E+05
0.338000000000233E-06 0.507620000000347E+03  0.514682099939746E+05  0.204684277807876E+05
0.340000000000235E-06 0.510600000000351E+03  0.495043857032356E+05  0.177871506760411E+05
0.342000000000238E-06 0.513580000000354E+03  0.519654006044671E+05  0.326734698497905E+05
0.344000000000240E-06 0.516560000000357E+03  0.421483993318260E+05  0.413458393151947E+05
0.346000000000242E-06 0.519540000000361E+03  0.386610302702759E+05  0.221624493552041E+05
0.348000000000244E-06 0.522520000000364E+03  0.479243337901689E+05  0.189645854874320E+05
0.350000000000247E-06 0.525500000000368E+03  0.402732270096442E+05  0.233887202795622E+05
0.352000000000249E-06 0.528480000000371E+03  0.400388569834598E+05  0.270905813715473E+05
0.354000000000251E-06 0.531460000000374E+03  0.307967800660471E+05  0.314149509924181E+05
0.356000000000253E-06 0.534440000000378E+03  0.336303981464699E+05  0.273501841842416E+05
0.358000000000256E-06 0.537420000000381E+03  0.386958750019649E+05  0.390176959219720E+05
0.360000000000258E-06 0.540400000000384E+03  0.373537836829148E+05  0.355477901192616E+05
0.362000000000260E-06 0.543380000000388E+03  0.408726995477860E+05  0.298995979509110E+05
0.364000000000263E-06 0.546360000000391E+03  0.454125719348536E+05  0.280170355691539E+05
0.366000000000265E-06 0.549340000000395E+03  0.374822083338859E+05  0.289118952383598E+05
0.368000000000267E-06 0.552320000000398E+03  0.547793834725711E+05  0.217816017729206E+05
0.370000000000269E-06 0.555300000000401E+03  0.498117141469990E+05  0.294878600470283E+05
0.372000000000272E-06 0.558280000000405E+03  0.442304261736708E+05  0.454173134450105E+05
0.374000000000274E-06 0.561260000000408E+03  0.388381527820614E+05  0.428975905552206E+05
0.376000000000276E-06 0.564240000000411E+03  0.385522242551252E+05  0.403059567557406E+05
0.378000000000278E-06 0.567220000000415E+03  0.558304227501296E+05  0.254539435127647E+05
0.380000000000281E-06 0.570200000000418E+03  0.361708476791580E+05  0.257802475814919E+05
0.382000000000283E-06 0.573180000000422E+03  0.285069896717738E+05  0.434533959651904E+05
0.384000000000285E-06 0.576160000000425E+03  0.408195015922594E+05  0.318295288231161E+05
0.386000000000287E-06 0.579140000000428E+03  0.418528881734807E+05  0.494581864144116E+05
0.388000000000290E-06 0.582120000000432E+03  0.340762137026843E+05  0.549159147638220E+05
0.390000000000292E-06 0.585100000000435E+03  0.329521370906247E+05  0.527538711951446E+05
0.392000000000294E-06 0.588080000000439E+03  0.298081879088747E+05  0.481414133862632E+05
0.394000000000297E-06 0.591060000000442E+03  0.347659580576803E+05  0.372824111974123E+05
0.396000000000299E-06 0.594040000000445E+03  0.291654898437004E+05  0.367908981354755E+05
0.398000000000301E-06 0.597020000000449E+03  0.381783258458394E+05  0.439533259092848E+05
0.400000000000303E-06 0.600000000000452E+03  0.462292995900517E+05  0.329091366278895E+05
