#  MCS        H  M-mean   M-sdt Γθ-mean  Γθ-std δθ-mean  δθ-std
     0   1.0000  0.9228  0.0021  0.9004  0.0023  0.0883  0.0025
   100   0.9999  0.9231  0.0021  0.9004  0.0024  0.0888  0.0025
   201   0.9995  0.9228  0.0023  0.9003  0.0025  0.0887  0.0027
   301   0.9989  0.9224  0.0025  0.9006  0.0024  0.0884  0.0025
   402   0.9980  0.9224  0.0022  0.9005  0.0022  0.0885  0.0024
   502   0.9969  0.9222  0.0021  0.9004  0.0021  0.0884  0.0022
   603   0.9955  0.9223  0.0021  0.9008  0.0025  0.0882  0.0026
   703   0.9939  0.9218  0.0021  0.9004  0.0021  0.0887  0.0027
   804   0.9920  0.9222  0.0021  0.9003  0.0022  0.0887  0.0025
   904   0.9899  0.9219  0.0022  0.9003  0.0021  0.0889  0.0023
  1005   0.9876  0.9218  0.0020  0.9006  0.0020  0.0883  0.0025
  1105   0.9850  0.9212  0.0022  0.9004  0.0022  0.0889  0.0024
  1206   0.9821  0.9207  0.0024  0.9004  0.0024  0.0888  0.0025
  1306   0.9790  0.9205  0.0022  0.9003  0.0023  0.0893  0.0024
  1407   0.9757  0.9202  0.0022  0.9009  0.0024  0.0887  0.0024
  1507   0.9721  0.9198  0.0024  0.9001  0.0022  0.0897  0.0024
  1608   0.9683  0.9192  0.0023  0.9004  0.0021  0.0892  0.0023
  1708   0.9642  0.9190  0.0021  0.9002  0.0021  0.0898  0.0023
  1809   0.9599  0.9186  0.0020  0.9004  0.0024  0.0894  0.0026
  1909   0.9554  0.9182  0.0021  0.9004  0.0023  0.0899  0.0025
  2010   0.9506  0.9178  0.0025  0.9002  0.0022  0.0901  0.0025
  2110   0.9455  0.9169  0.0022  0.9005  0.0021  0.0901  0.0020
  2211   0.9403  0.9163  0.0022  0.9009  0.0021  0.0899  0.0024
  2311   0.9348  0.9162  0.0024  0.9000  0.0023  0.0907  0.0021
  2412   0.9291  0.9155  0.0020  0.9001  0.0019  0.0907  0.0023
  2512   0.9231  0.9146  0.0021  0.9006  0.0021  0.0903  0.0023
  2613   0.9169  0.9136  0.0025  0.9002  0.0022  0.0910  0.0022
  2713   0.9105  0.9126  0.0023  0.9006  0.0023  0.0907  0.0027
  2814   0.9039  0.9122  0.0023  0.9002  0.0022  0.0914  0.0023
  2914   0.8970  0.9116  0.0026  0.9004  0.0022  0.0911  0.0024
  3015   0.8899  0.9104  0.0023  0.9006  0.0024  0.0911  0.0027
  3115   0.8826  0.9099  0.0025  0.9005  0.0021  0.0916  0.0024
  3216   0.8751  0.9083  0.0029  0.9009  0.0023  0.0912  0.0025
  3316   0.8673  0.9075  0.0025  0.9005  0.0024  0.0919  0.0027
  3417   0.8594  0.9061  0.0027  0.9006  0.0023  0.0920  0.0024
  3517   0.8512  0.9049  0.0027  0.9004  0.0023  0.0922  0.0028
  3618   0.8428  0.9038  0.0027  0.9008  0.0024  0.0923  0.0028
  3718   0.8342  0.9027  0.0029  0.9004  0.0021  0.0931  0.0025
  3819   0.8254  0.9012  0.0030  0.9007  0.0021  0.0929  0.0026
  3919   0.8164  0.8997  0.0027  0.9003  0.0020  0.0937  0.0024
  4020   0.8072  0.8987  0.0028  0.9003  0.0024  0.0938  0.0026
  4120   0.7977  0.8972  0.0029  0.9005  0.0022  0.0938  0.0027
  4221   0.7881  0.8952  0.0029  0.9001  0.0019  0.0943  0.0021
  4321   0.7783  0.8938  0.0030  0.9005  0.0023  0.0944  0.0025
  4422   0.7683  0.8918  0.0033  0.9003  0.0024  0.0945  0.0028
  4522   0.7581  0.8904  0.0032  0.9005  0.0021  0.0948  0.0026
  4623   0.7477  0.8884  0.0035  0.9008  0.0022  0.0946  0.0026
  4723   0.7371  0.8866  0.0034  0.9003  0.0020  0.0954  0.0023
  4824   0.7264  0.8846  0.0031  0.9008  0.0023  0.0952  0.0027
  4924   0.7154  0.8828  0.0035  0.9002  0.0023  0.0960  0.0029
  5025   0.7043  0.8800  0.0035  0.9002  0.0022  0.0961  0.0026
  5125   0.6930  0.8780  0.0034  0.9003  0.0023  0.0966  0.0027
  5226   0.6815  0.8756  0.0033  0.9005  0.0023  0.0966  0.0025
  5326   0.6699  0.8735  0.0037  0.9003  0.0023  0.0971  0.0028
  5427   0.6581  0.8711  0.0036  0.9003  0.0020  0.0974  0.0026
  5527   0.6461  0.8687  0.0036  0.9001  0.0024  0.0982  0.0028
  5628   0.6340  0.8656  0.0043  0.9006  0.0021  0.0975  0.0026
  5728   0.6217  0.8621  0.0040  0.9001  0.0021  0.0986  0.0029
  5829   0.6093  0.8591  0.0042  0.9007  0.0025  0.0979  0.0030
  5929   0.5967  0.8562  0.0043  0.9010  0.0023  0.0980  0.0026
  6030   0.5839  0.8527  0.0041  0.9003  0.0022  0.0990  0.0027
  6130   0.5711  0.8496  0.0041  0.9005  0.0024  0.0993  0.0028
  6231   0.5580  0.8461  0.0045  0.9003  0.0021  0.0995  0.0023
  6331   0.5449  0.8419  0.0049  0.9002  0.0022  0.1000  0.0026
  6432   0.5316  0.8382  0.0046  0.9008  0.0021  0.0998  0.0027
  6532   0.5181  0.8342  0.0049  0.9004  0.0026  0.1004  0.0029
  6633   0.5046  0.8303  0.0048  0.9007  0.0026  0.1003  0.0028
  6733   0.4909  0.8255  0.0054  0.9005  0.0020  0.1008  0.0026
  6834   0.4770  0.8212  0.0048  0.9008  0.0021  0.1006  0.0025
  6934   0.4631  0.8168  0.0053  0.9005  0.0023  0.1016  0.0027
  7035   0.4491  0.8122  0.0052  0.9005  0.0021  0.1020  0.0027
  7135   0.4349  0.8074  0.0054  0.9005  0.0021  0.1022  0.0026
  7236   0.4206  0.8022  0.0059  0.9005  0.0021  0.1025  0.0024
  7336   0.4063  0.7972  0.0058  0.9008  0.0021  0.1025  0.0024
  7437   0.3918  0.7919  0.0055  0.9004  0.0021  0.1032  0.0029
  7537   0.3772  0.7863  0.0060  0.9005  0.0021  0.1035  0.0028
  7638   0.3625  0.7806  0.0065  0.9003  0.0022  0.1039  0.0029
  7738   0.3478  0.7749  0.0064  0.9008  0.0021  0.1043  0.0028
  7839   0.3329  0.7692  0.0061  0.9002  0.0022  0.1048  0.0027
  7939   0.3180  0.7632  0.0064  0.9003  0.0024  0.1051  0.0033
  8040   0.3030  0.7564  0.0069  0.9004  0.0021  0.1056  0.0028
  8140   0.2879  0.7511  0.0074  0.9005  0.0021  0.1058  0.0025
  8241   0.2728  0.7440  0.0074  0.9007  0.0020  0.1058  0.0025
  8341   0.2575  0.7367  0.0069  0.9009  0.0022  0.1058  0.0026
  8442   0.2423  0.7299  0.0071  0.9002  0.0023  0.1072  0.0029
  8542   0.2269  0.7231  0.0075  0.9005  0.0023  0.1078  0.0028
  8643   0.2115  0.7168  0.0077  0.9004  0.0023  0.1081  0.0030
  8743   0.1961  0.7088  0.0080  0.9005  0.0022  0.1083  0.0028
  8844   0.1806  0.7016  0.0081  0.9006  0.0021  0.1087  0.0027
  8944   0.1650  0.6936  0.0084  0.9003  0.0024  0.1094  0.0032
  9045   0.1494  0.6855  0.0085  0.9004  0.0022  0.1098  0.0027
  9145   0.1338  0.6792  0.0084  0.9005  0.0021  0.1104  0.0027
  9246   0.1181  0.6703  0.0088  0.9003  0.0022  0.1116  0.0030
  9346   0.1024  0.6622  0.0095  0.9001  0.0021  0.1123  0.0028
  9447   0.0867  0.6536  0.0088  0.9007  0.0023  0.1120  0.0029
  9547   0.0710  0.6440  0.0090  0.9004  0.0022  0.1131  0.0031
  9648   0.0552  0.6353  0.0094  0.9003  0.0020  0.1141  0.0030
  9748   0.0395  0.6272  0.0107  0.9003  0.0023  0.1150  0.0031
  9849   0.0237  0.6174  0.0105  0.9003  0.0021  0.1156  0.0029
  9949   0.0079  0.6063  0.0100  0.9004  0.0023  0.1159  0.0031
 10050  -0.0079  0.5969  0.0105  0.9004  0.0022  0.1171  0.0029
 10150  -0.0237  0.5868  0.0102  0.9008  0.0021  0.1172  0.0028
 10251  -0.0395  0.5757  0.0099  0.9004  0.0023  0.1189  0.0032
 10351  -0.0552  0.5648  0.0111  0.9005  0.0023  0.1194  0.0035
 10452  -0.0710  0.5530  0.0120  0.9002  0.0019  0.1207  0.0032
 10552  -0.0867  0.5410  0.0117  0.9003  0.0022  0.1219  0.0030
 10653  -0.1024  0.5291  0.0120  0.9004  0.0025  0.1225  0.0037
 10753  -0.1181  0.5155  0.0126  0.9002  0.0020  0.1239  0.0031
 10854  -0.1338  0.5013  0.0126  0.9007  0.0021  0.1250  0.0034
 10954  -0.1494  0.4877  0.0122  0.9001  0.0023  0.1269  0.0033
 11055  -0.1650  0.4696  0.0130  0.9003  0.0022  0.1280  0.0035
 11155  -0.1806  0.4510  0.0124  0.9003  0.0023  0.1297  0.0034
 11256  -0.1961  0.4318  0.0132  0.9006  0.0022  0.1308  0.0035
 11356  -0.2115  0.4099  0.0136  0.9003  0.0022  0.1326  0.0036
 11457  -0.2269  0.3832  0.0146  0.9001  0.0022  0.1346  0.0036
 11557  -0.2423  0.3522  0.0157  0.9003  0.0023  0.1362  0.0036
 11658  -0.2575  0.3191  0.0150  0.9004  0.0020  0.1377  0.0033
 11758  -0.2728  0.2798  0.0160  0.9003  0.0020  0.1388  0.0034
 11859  -0.2879  0.2341  0.0165  0.9007  0.0021  0.1393  0.0037
 11959  -0.3030  0.1817  0.0172  0.9005  0.0023  0.1406  0.0036
 12060  -0.3180  0.1228  0.0172  0.9004  0.0022  0.1412  0.0040
 12160  -0.3329  0.0595  0.0163  0.9005  0.0020  0.1404  0.0037
 12261  -0.3478 -0.0085  0.0175  0.9003  0.0022  0.1393  0.0039
 12361  -0.3625 -0.0816  0.0177  0.8997  0.0024  0.1373  0.0041
 12462  -0.3772 -0.1553  0.0176  0.8998  0.0024  0.1347  0.0037
 12562  -0.3918 -0.2292  0.0174  0.9005  0.0021  0.1305  0.0036
 12663  -0.4063 -0.3004  0.0165  0.9009  0.0022  0.1268  0.0040
 12763  -0.4206 -0.3691  0.0168  0.9003  0.0023  0.1241  0.0037
 12864  -0.4349 -0.4338  0.0160  0.9008  0.0025  0.1198  0.0039
 12964  -0.4491 -0.4914  0.0157  0.9007  0.0022  0.1168  0.0031
 13065  -0.4631 -0.5424  0.0145  0.9007  0.0022  0.1141  0.0036
 13165  -0.4770 -0.5876  0.0130  0.9006  0.0020  0.1118  0.0034
 13266  -0.4909 -0.6292  0.0127  0.9002  0.0022  0.1097  0.0028
 13366  -0.5046 -0.6669  0.0122  0.9006  0.0024  0.1074  0.0030
 13467  -0.5181 -0.6996  0.0116  0.9005  0.0025  0.1058  0.0031
 13567  -0.5316 -0.7277  0.0112  0.9005  0.0020  0.1043  0.0031
 13668  -0.5449 -0.7523  0.0103  0.9001  0.0022  0.1034  0.0030
 13768  -0.5580 -0.7728  0.0089  0.9006  0.0020  0.1021  0.0027
 13869  -0.5711 -0.7904  0.0084  0.9003  0.0022  0.1016  0.0026
 13969  -0.5839 -0.8054  0.0082  0.9007  0.0022  0.1003  0.0028
 14070  -0.5967 -0.8178  0.0076  0.9003  0.0025  0.0999  0.0029
 14170  -0.6093 -0.8289  0.0071  0.9005  0.0021  0.0993  0.0027
 14271  -0.6217 -0.8382  0.0064  0.9005  0.0022  0.0983  0.0028
 14371  -0.6340 -0.8462  0.0057  0.9007  0.0025  0.0979  0.0032
 14472  -0.6461 -0.8529  0.0052  0.9003  0.0021  0.0980  0.0024
 14572  -0.6581 -0.8590  0.0047  0.9005  0.0022  0.0973  0.0029
 14673  -0.6699 -0.8645  0.0044  0.9006  0.0023  0.0967  0.0027
 14773  -0.6815 -0.8686  0.0041  0.9003  0.0023  0.0966  0.0027
 14874  -0.6930 -0.8727  0.0038  0.9006  0.0025  0.0960  0.0027
 14974  -0.7043 -0.8760  0.0037  0.9004  0.0022  0.0957  0.0026
 15075  -0.7154 -0.8787  0.0034  0.9006  0.0023  0.0954  0.0024
 15175  -0.7264 -0.8812  0.0034  0.8999  0.0025  0.0957  0.0030
 15276  -0.7371 -0.8836  0.0034  0.9005  0.0024  0.0950  0.0027
 15376  -0.7477 -0.8858  0.0033  0.9001  0.0023  0.0949  0.0025
 15477  -0.7581 -0.8881  0.0033  0.9006  0.0021  0.0943  0.0026
 15577  -0.7683 -0.8901  0.0034  0.9006  0.0019  0.0941  0.0024
 15678  -0.7783 -0.8920  0.0032  0.9004  0.0022  0.0944  0.0028
 15778  -0.7881 -0.8941  0.0031  0.9007  0.0026  0.0937  0.0031
 15879  -0.7977 -0.8957  0.0032  0.9006  0.0025  0.0931  0.0025
 15979  -0.8072 -0.8969  0.0028  0.9002  0.0026  0.0937  0.0029
 16080  -0.8164 -0.8984  0.0029  0.9004  0.0023  0.0932  0.0026
 16180  -0.8254 -0.9002  0.0028  0.9007  0.0025  0.0928  0.0028
 16281  -0.8342 -0.9014  0.0029  0.9006  0.0020  0.0927  0.0020
 16381  -0.8428 -0.9027  0.0028  0.9004  0.0022  0.0923  0.0027
 16482  -0.8512 -0.9040  0.0027  0.9004  0.0023  0.0926  0.0023
 16582  -0.8594 -0.9051  0.0026  0.9004  0.0022  0.0925  0.0026
 16683  -0.8673 -0.9064  0.0024  0.9006  0.0022  0.0919  0.0026
 16783  -0.8751 -0.9070  0.0025  0.9005  0.0022  0.0914  0.0024
 16884  -0.8826 -0.9082  0.0027  0.9002  0.0022  0.0916  0.0025
 16984  -0.8899 -0.9093  0.0027  0.9005  0.0019  0.0911  0.0022
 17085  -0.8970 -0.9101  0.0026  0.9009  0.0022  0.0906  0.0026
 17185  -0.9039 -0.9111  0.0026  0.9006  0.0021  0.0906  0.0025
 17286  -0.9105 -0.9122  0.0026  0.9006  0.0023  0.0907  0.0027
 17386  -0.9169 -0.9131  0.0027  0.9006  0.0022  0.0903  0.0025
 17487  -0.9231 -0.9140  0.0023  0.9006  0.0026  0.0903  0.0026
 17587  -0.9291 -0.9148  0.0022  0.9003  0.0025  0.0906  0.0029
 17688  -0.9348 -0.9152  0.0023  0.9002  0.0025  0.0903  0.0028
 17788  -0.9403 -0.9158  0.0023  0.9008  0.0024  0.0899  0.0027
 17889  -0.9455 -0.9163  0.0024  0.9005  0.0021  0.0897  0.0022
 17989  -0.9506 -0.9168  0.0025  0.9004  0.0024  0.0893  0.0029
 18090  -0.9554 -0.9172  0.0020  0.9004  0.0021  0.0895  0.0023
 18190  -0.9599 -0.9181  0.0023  0.9007  0.0023  0.0894  0.0025
 18291  -0.9642 -0.9188  0.0022  0.9009  0.0020  0.0887  0.0021
 18391  -0.9683 -0.9194  0.0024  0.9001  0.0025  0.0895  0.0027
 18492  -0.9721 -0.9196  0.0021  0.9004  0.0021  0.0892  0.0023
 18592  -0.9757 -0.9198  0.0023  0.9003  0.0023  0.0892  0.0024
 18693  -0.9790 -0.9204  0.0024  0.9004  0.0021  0.0892  0.0024
 18793  -0.9821 -0.9207  0.0020  0.9004  0.0022  0.0891  0.0024
 18894  -0.9850 -0.9211  0.0021  0.9005  0.0024  0.0889  0.0025
 18994  -0.9876 -0.9212  0.0018  0.9004  0.0024  0.0887  0.0025
 19095  -0.9899 -0.9218  0.0020  0.9004  0.0021  0.0889  0.0021
 19195  -0.9920 -0.9220  0.0020  0.9004  0.0024  0.0886  0.0024
 19296  -0.9939 -0.9219  0.0022  0.9008  0.0024  0.0884  0.0028
 19396  -0.9955 -0.9222  0.0021  0.8999  0.0023  0.0891  0.0026
 19497  -0.9969 -0.9222  0.0023  0.9004  0.0023  0.0886  0.0026
 19597  -0.9980 -0.9229  0.0021  0.9006  0.0022  0.0887  0.0024
 19698  -0.9989 -0.9226  0.0023  0.8999  0.0022  0.0888  0.0024
 19798  -0.9995 -0.9228  0.0026  0.9002  0.0023  0.0887  0.0024
 19899  -0.9999 -0.9228  0.0021  0.9006  0.0024  0.0884  0.0026
 20000  -1.0000 -0.9227  0.0022  0.9006  0.0023  0.0883  0.0025
