#  MCS   M-mean   M-sdt Γθ-mean  Γθ-std δθ-mean  δθ-std
     0   0.0826  0.0202  0.5363  0.0154  0.9111  0.0628
     1   0.1780  0.0192  0.4977  0.0172  0.9001  0.1055
     2   0.2660  0.0196  0.4675  0.0184  0.7680  0.0901
     3   0.3384  0.0223  0.4623  0.0201  0.6392  0.0718
     4   0.3964  0.0247  0.4659  0.0199  0.5411  0.0653
     5   0.4441  0.0268  0.4703  0.0191  0.4657  0.0530
     6   0.4837  0.0276  0.4795  0.0215  0.4189  0.0491
     7   0.5182  0.0269  0.4846  0.0189  0.3873  0.0399
     8   0.5493  0.0261  0.4927  0.0211  0.3715  0.0338
     9   0.5780  0.0253  0.4938  0.0219  0.3593  0.0372
    10   0.6049  0.0246  0.4934  0.0217  0.3431  0.0380
    11   0.6296  0.0237  0.5002  0.0249  0.3401  0.0357
    12   0.6528  0.0226  0.4971  0.0235  0.3352  0.0349
    13   0.6751  0.0215  0.4954  0.0229  0.3234  0.0362
    14   0.6957  0.0204  0.5001  0.0253  0.3207  0.0316
    15   0.7151  0.0198  0.4998  0.0239  0.3164  0.0290
    16   0.7337  0.0189  0.4999  0.0226  0.3109  0.0317
    17   0.7510  0.0183  0.5025  0.0235  0.3129  0.0312
    18   0.7675  0.0181  0.5002  0.0260  0.3091  0.0282
    19   0.7828  0.0175  0.4987  0.0254  0.3061  0.0293
    20   0.7973  0.0167  0.4977  0.0267  0.3000  0.0281
    21   0.8107  0.0160  0.5023  0.0264  0.3004  0.0291
    22   0.8237  0.0151  0.4980  0.0257  0.2931  0.0257
    23   0.8356  0.0144  0.5032  0.0247  0.2942  0.0303
    24   0.8470  0.0137  0.5044  0.0277  0.2950  0.0261
    25   0.8578  0.0128  0.4981  0.0255  0.2892  0.0286
    26   0.8678  0.0121  0.5035  0.0291  0.2907  0.0255
    27   0.8772  0.0115  0.4976  0.0279  0.2841  0.0286
    28   0.8860  0.0110  0.5037  0.0330  0.2866  0.0277
    29   0.8943  0.0105  0.5001  0.0279  0.2838  0.0259
    30   0.9020  0.0099  0.5026  0.0276  0.2840  0.0252
    31   0.9091  0.0094  0.5003  0.0270  0.2799  0.0268
    32   0.9157  0.0090  0.5012  0.0321  0.2796  0.0269
    33   0.9220  0.0085  0.5070  0.0315  0.2824  0.0262
    34   0.9279  0.0081  0.4978  0.0325  0.2738  0.0261
    35   0.9332  0.0075  0.5076  0.0345  0.2775  0.0242
    36   0.9382  0.0071  0.5022  0.0289  0.2764  0.0253
    37   0.9428  0.0066  0.5045  0.0318  0.2744  0.0227
    38   0.9471  0.0062  0.5034  0.0277  0.2776  0.0249
    39   0.9510  0.0058  0.5020  0.0320  0.2748  0.0233
    40   0.9547  0.0053  0.5028  0.0303  0.2730  0.0255
    41   0.9580  0.0050  0.5041  0.0327  0.2734  0.0243
    42   0.9611  0.0047  0.5048  0.0335  0.2779  0.0249
    43   0.9640  0.0044  0.4995  0.0319  0.2714  0.0255
    44   0.9665  0.0040  0.5058  0.0328  0.2762  0.0225
    45   0.9688  0.0038  0.4987  0.0299  0.2716  0.0259
    46   0.9710  0.0035  0.5029  0.0345  0.2739  0.0253
    47   0.9730  0.0032  0.5012  0.0349  0.2705  0.0264
    48   0.9748  0.0029  0.5032  0.0340  0.2685  0.0225
    49   0.9763  0.0027  0.5040  0.0338  0.2702  0.0249
    50   0.9778  0.0026  0.5036  0.0348  0.2700  0.0245
    51   0.9791  0.0024  0.5009  0.0351  0.2671  0.0253
    52   0.9803  0.0022  0.5078  0.0341  0.2697  0.0226
    53   0.9814  0.0020  0.5047  0.0283  0.2730  0.0241
    54   0.9824  0.0019  0.4966  0.0367  0.2642  0.0261
    55   0.9832  0.0017  0.5077  0.0387  0.2667  0.0253
    56   0.9840  0.0016  0.5059  0.0351  0.2675  0.0238
    57   0.9846  0.0015  0.5062  0.0366  0.2717  0.0260
    58   0.9852  0.0014  0.4998  0.0379  0.2670  0.0221
    59   0.9858  0.0012  0.5028  0.0343  0.2671  0.0242
    60   0.9863  0.0011  0.5033  0.0350  0.2675  0.0244
    61   0.9867  0.0010  0.5043  0.0359  0.2672  0.0225
    62   0.9871  0.0009  0.5055  0.0325  0.2722  0.0249
    63   0.9874  0.0008  0.4967  0.0369  0.2632  0.0275
    64   0.9878  0.0008  0.5115  0.0418  0.2700  0.0216
    65   0.9880  0.0007  0.4997  0.0340  0.2677  0.0240
    66   0.9883  0.0006  0.5040  0.0349  0.2666  0.0232
    67   0.9885  0.0006  0.4984  0.0356  0.2667  0.0282
    68   0.9887  0.0006  0.5026  0.0411  0.2656  0.0261
    69   0.9888  0.0005  0.5043  0.0396  0.2633  0.0238
    70   0.9889  0.0005  0.5093  0.0363  0.2699  0.0252
    71   0.9890  0.0005  0.4995  0.0372  0.2663  0.0240
    72   0.9892  0.0005  0.5039  0.0359  0.2655  0.0224
    73   0.9893  0.0004  0.5056  0.0346  0.2694  0.0257
    74   0.9893  0.0004  0.4986  0.0367  0.2666  0.0234
    75   0.9894  0.0004  0.5029  0.0346  0.2611  0.0250
    76   0.9895  0.0003  0.5103  0.0378  0.2675  0.0241
    77   0.9895  0.0004  0.5019  0.0377  0.2639  0.0248
    78   0.9896  0.0003  0.5082  0.0387  0.2684  0.0260
    79   0.9896  0.0003  0.5020  0.0372  0.2647  0.0270
    80   0.9897  0.0003  0.5028  0.0388  0.2646  0.0212
    81   0.9897  0.0003  0.5031  0.0312  0.2633  0.0264
    82   0.9897  0.0003  0.5066  0.0412  0.2668  0.0239
    83   0.9897  0.0003  0.5030  0.0366  0.2646  0.0244
    84   0.9898  0.0004  0.5050  0.0378  0.2667  0.0240
    85   0.9898  0.0003  0.5020  0.0388  0.2639  0.0241
    86   0.9898  0.0004  0.5055  0.0369  0.2625  0.0241
    87   0.9898  0.0003  0.5076  0.0356  0.2676  0.0255
    88   0.9897  0.0003  0.5039  0.0386  0.2660  0.0230
    89   0.9898  0.0003  0.5016  0.0341  0.2654  0.0268
    90   0.9898  0.0003  0.5028  0.0411  0.2660  0.0219
    91   0.9898  0.0003  0.5035  0.0298  0.2666  0.0233
    92   0.9898  0.0003  0.5031  0.0339  0.2679  0.0196
    93   0.9898  0.0003  0.5001  0.0291  0.2657  0.0266
    94   0.9898  0.0004  0.5040  0.0399  0.2651  0.0230
    95   0.9898  0.0003  0.5024  0.0354  0.2635  0.0241
    96   0.9898  0.0003  0.5077  0.0370  0.2665  0.0240
    97   0.9898  0.0003  0.5040  0.0365  0.2653  0.0239
    98   0.9898  0.0003  0.5042  0.0377  0.2668  0.0278
   100   0.9898  0.0003  0.5022  0.0409  0.2649  0.0236
