#                t(s)                  T(K)             M_ZFC(A/m)              M_FC(A/m)
0.200000000000000E-08 0.698000000000000E+01 -0.120151832824408E+05  0.298354605024522E+06
0.400000000000002E-08 0.996000000000003E+01 -0.125274736301835E+05  0.297265743421659E+06
0.599999999999997E-08 0.129400000000000E+02 -0.127394130412441E+05  0.296750366751449E+06
0.799999999999992E-08 0.159199999999999E+02 -0.123857235515176E+05  0.295059953414753E+06
0.999999999999988E-08 0.188999999999998E+02 -0.120731919258812E+05  0.296056823718503E+06
0.119999999999998E-07 0.218799999999997E+02 -0.118296291648353E+05  0.295107351221645E+06
0.139999999999998E-07 0.248599999999997E+02 -0.125194017298761E+05  0.295755706636819E+06
0.159999999999999E-07 0.278399999999999E+02 -0.128915127513946E+05  0.296104152113778E+06
0.180000000000002E-07 0.308200000000003E+02 -0.118765830514726E+05  0.294328023185847E+06
0.200000000000005E-07 0.338000000000007E+02 -0.119120379893629E+05  0.296142244555113E+06
0.220000000000008E-07 0.367800000000011E+02 -0.121809885524631E+05  0.293740304967348E+06
0.240000000000010E-07 0.397600000000016E+02 -0.137216088786978E+05  0.294306025707295E+06
0.260000000000013E-07 0.427400000000020E+02 -0.112386279451023E+05  0.293169635527307E+06
0.280000000000016E-07 0.457200000000024E+02 -0.997515725759036E+04  0.292561712489512E+06
0.300000000000018E-07 0.487000000000027E+02 -0.115583470009584E+05  0.293237516267918E+06
0.320000000000014E-07 0.516800000000022E+02 -0.113062246035660E+05  0.295028138443663E+06
0.340000000000011E-07 0.546600000000016E+02 -0.107989084105287E+05  0.293645253782342E+06
0.360000000000007E-07 0.576400000000010E+02 -0.118737295905965E+05  0.291802089524073E+06
0.380000000000003E-07 0.606200000000005E+02 -0.108732734343766E+05  0.291412336975647E+06
0.399999999999999E-07 0.635999999999999E+02 -0.110684586148440E+05  0.294000931792614E+06
0.419999999999995E-07 0.665799999999993E+02 -0.905155679046102E+04  0.291526459249507E+06
0.439999999999992E-07 0.695599999999988E+02 -0.104434700606747E+05  0.294768454218982E+06
0.459999999999988E-07 0.725399999999982E+02 -0.123587171089361E+05  0.292585465724603E+06
0.479999999999984E-07 0.755199999999976E+02 -0.621299518331307E+04  0.290836468596230E+06
0.499999999999980E-07 0.784999999999971E+02 -0.970899602086219E+04  0.290939566071382E+06
0.519999999999977E-07 0.814799999999965E+02 -0.105367354736184E+05  0.290293146762465E+06
0.539999999999973E-07 0.844599999999959E+02 -0.107501564858177E+05  0.288613152014108E+06
0.559999999999969E-07 0.874399999999954E+02 -0.134262609160868E+05  0.288451262845295E+06
0.579999999999965E-07 0.904199999999948E+02 -0.104916945241998E+05  0.289306224497864E+06
0.599999999999961E-07 0.933999999999943E+02 -0.864321003685437E+04  0.290834738843726E+06
0.619999999999958E-07 0.963799999999937E+02 -0.136082463836920E+05  0.290101291676729E+06
0.639999999999954E-07 0.993599999999931E+02 -0.120257103378426E+05  0.289178416864440E+06
0.659999999999950E-07 0.102339999999993E+03 -0.916641286003882E+04  0.290016203805242E+06
0.679999999999946E-07 0.105319999999992E+03 -0.104248643192834E+05  0.288498698680095E+06
0.699999999999942E-07 0.108299999999991E+03 -0.112724117688027E+05  0.291716141362885E+06
0.719999999999939E-07 0.111279999999991E+03 -0.113243009723973E+05  0.289237595708314E+06
0.739999999999935E-07 0.114259999999990E+03 -0.120633818465374E+05  0.290448676097510E+06
0.759999999999931E-07 0.117239999999990E+03 -0.100330189742562E+05  0.290097272735346E+06
0.779999999999927E-07 0.120219999999989E+03 -0.973076400319014E+04  0.285667805869624E+06
0.799999999999924E-07 0.123199999999989E+03 -0.112089914489561E+05  0.285206626276665E+06
0.819999999999920E-07 0.126179999999988E+03 -0.134330257683377E+05  0.287946628924730E+06
0.839999999999916E-07 0.129159999999987E+03 -0.102604230342489E+05  0.286510807753044E+06
0.859999999999912E-07 0.132139999999987E+03 -0.100984699028526E+05  0.282343707421692E+06
0.879999999999908E-07 0.135119999999986E+03 -0.772130918448704E+04  0.286000950192308E+06
0.899999999999905E-07 0.138099999999986E+03 -0.134186329593360E+05  0.286062867549384E+06
0.919999999999901E-07 0.141079999999985E+03 -0.112255417098231E+05  0.286825601928155E+06
0.939999999999897E-07 0.144059999999985E+03 -0.841889790616977E+04  0.284159464371792E+06
0.959999999999893E-07 0.147039999999984E+03 -0.928424356314124E+04  0.284671935313550E+06
0.979999999999889E-07 0.150019999999984E+03 -0.122751906545960E+05  0.284573321667820E+06
0.999999999999886E-07 0.152999999999983E+03 -0.933055461632562E+04  0.282822577067213E+06
0.101999999999988E-06 0.155979999999982E+03 -0.117332639178503E+05  0.280392534991277E+06
0.103999999999988E-06 0.158959999999982E+03 -0.116546511354843E+05  0.284041709159810E+06
0.105999999999987E-06 0.161939999999981E+03 -0.988448906123501E+04  0.280131515299725E+06
0.107999999999987E-06 0.164919999999981E+03 -0.108033116085646E+05  0.280862284556087E+06
0.109999999999987E-06 0.167899999999980E+03 -0.117345414339354E+05  0.278133685868739E+06
0.111999999999986E-06 0.170879999999980E+03 -0.791615850997965E+04  0.282268739547463E+06
0.113999999999986E-06 0.173859999999979E+03 -0.113823004442652E+05  0.279700798101775E+06
0.115999999999986E-06 0.176839999999978E+03 -0.763798204786304E+04  0.282148665787458E+06
0.117999999999985E-06 0.179819999999978E+03 -0.818670986716157E+04  0.273682420166731E+06
0.119999999999986E-06 0.182799999999979E+03 -0.810965834513623E+04  0.278598395142911E+06
0.121999999999988E-06 0.185779999999982E+03 -0.608209127942101E+04  0.275175856851992E+06
0.123999999999990E-06 0.188759999999986E+03 -0.945146166389804E+04  0.279102477598878E+06
0.125999999999993E-06 0.191739999999989E+03 -0.910729897291831E+04  0.275758045524112E+06
0.127999999999995E-06 0.194719999999992E+03 -0.607390878704447E+04  0.280656463286058E+06
0.129999999999997E-06 0.197699999999996E+03 -0.572948627456243E+04  0.271029173910875E+06
0.131999999999999E-06 0.200679999999999E+03 -0.322525373334265E+04  0.276929823694625E+06
0.134000000000002E-06 0.203660000000003E+03 -0.612628440119964E+04  0.274420977574618E+06
0.136000000000004E-06 0.206640000000006E+03 -0.534005571581676E+04  0.278087574578638E+06
0.138000000000006E-06 0.209620000000009E+03 -0.825887843854044E+04  0.276090282529412E+06
0.140000000000009E-06 0.212600000000013E+03 -0.101578872089336E+04  0.274018471432300E+06
0.142000000000011E-06 0.215580000000016E+03 -0.168645983221184E+04  0.274120965250165E+06
0.144000000000013E-06 0.218560000000019E+03  0.549905169783497E+04  0.269841152273437E+06
0.146000000000015E-06 0.221540000000023E+03  0.828447696648603E+03  0.270345755917618E+06
0.148000000000018E-06 0.224520000000026E+03 -0.173555107345781E+04  0.265770446422218E+06
0.150000000000020E-06 0.227500000000030E+03 -0.595820038705600E+04  0.261773074108643E+06
0.152000000000022E-06 0.230480000000033E+03  0.468508190507537E+04  0.266127754552581E+06
0.154000000000024E-06 0.233460000000036E+03  0.639368637137339E+04  0.264157577386336E+06
0.156000000000027E-06 0.236440000000040E+03  0.342259392302633E+04  0.259032254071891E+06
0.158000000000029E-06 0.239420000000043E+03  0.500731190325299E+04  0.256734672392020E+06
0.160000000000031E-06 0.242400000000046E+03  0.246369349407335E+04  0.259118533237743E+06
0.162000000000033E-06 0.245380000000050E+03  0.918477835873824E+04  0.252451582197139E+06
0.164000000000036E-06 0.248360000000053E+03  0.142685831210487E+05  0.249191197257280E+06
0.166000000000038E-06 0.251340000000057E+03  0.118120142135438E+05  0.245208178585517E+06
0.168000000000040E-06 0.254320000000060E+03  0.148441262638968E+05  0.248031599313830E+06
0.170000000000043E-06 0.257300000000063E+03  0.161668865940245E+05  0.245062454090927E+06
0.172000000000045E-06 0.260280000000067E+03  0.116942324232116E+05  0.243713761338046E+06
0.174000000000047E-06 0.263260000000070E+03  0.208400604540762E+05  0.241069850685411E+06
0.176000000000049E-06 0.266240000000074E+03  0.212620196210596E+05  0.232898237436007E+06
0.178000000000052E-06 0.269220000000077E+03  0.260869260214529E+05  0.234980371829327E+06
0.180000000000054E-06 0.272200000000080E+03  0.230529999595327E+05  0.229453940546352E+06
0.182000000000056E-06 0.275180000000084E+03  0.230917834583749E+05  0.228395098630292E+06
0.184000000000058E-06 0.278160000000087E+03  0.301187090520926E+05  0.222516905941089E+06
0.186000000000061E-06 0.281140000000090E+03  0.334992909179535E+05  0.217695700478799E+06
0.188000000000063E-06 0.284120000000094E+03  0.357171619999630E+05  0.214377197176251E+06
0.190000000000065E-06 0.287100000000097E+03  0.363651505664152E+05  0.212019715327231E+06
0.192000000000067E-06 0.290080000000101E+03  0.389236711722835E+05  0.207356822819258E+06
0.194000000000070E-06 0.293060000000104E+03  0.349293680505245E+05  0.204158504967251E+06
0.196000000000072E-06 0.296040000000107E+03  0.375818086252541E+05  0.203843951846053E+06
0.198000000000074E-06 0.299020000000111E+03  0.354562840243256E+05  0.203995175542593E+06
0.200000000000077E-06 0.302000000000114E+03  0.408431190872989E+05  0.194199105446600E+06
0.202000000000079E-06 0.304980000000117E+03  0.402228323214800E+05  0.184244408208586E+06
0.204000000000081E-06 0.307960000000121E+03  0.507683237872477E+05  0.184580418856049E+06
0.206000000000083E-06 0.310940000000124E+03  0.539819850289826E+05  0.175991785135378E+06
0.208000000000086E-06 0.313920000000128E+03  0.504500696513351E+05  0.177402230797491E+06
0.210000000000088E-06 0.316900000000131E+03  0.667454715442299E+05  0.169899594534189E+06
0.212000000000090E-06 0.319880000000134E+03  0.684748446907732E+05  0.158437237207019E+06
0.214000000000092E-06 0.322860000000138E+03  0.642424474087198E+05  0.153564667477694E+06
0.216000000000095E-06 0.325840000000141E+03  0.569375493076158E+05  0.152292195410560E+06
0.218000000000097E-06 0.328820000000144E+03  0.604475093549589E+05  0.146155264543655E+06
0.220000000000099E-06 0.331800000000148E+03  0.668042541564917E+05  0.147942906350576E+06
0.222000000000101E-06 0.334780000000151E+03  0.786352408220958E+05  0.141162104169056E+06
0.224000000000104E-06 0.337760000000155E+03  0.748832504236185E+05  0.140071921567290E+06
0.226000000000106E-06 0.340740000000158E+03  0.643047396218973E+05  0.120046284073185E+06
0.228000000000108E-06 0.343720000000161E+03  0.626656717187639E+05  0.122123831810437E+06
0.230000000000111E-06 0.346700000000165E+03  0.672025589428081E+05  0.121466216859694E+06
0.232000000000113E-06 0.349680000000168E+03  0.647443148878426E+05  0.115786919659062E+06
0.234000000000115E-06 0.352660000000171E+03  0.680847254728280E+05  0.111599300286305E+06
0.236000000000117E-06 0.355640000000175E+03  0.670202995662003E+05  0.104507765783810E+06
0.238000000000120E-06 0.358620000000178E+03  0.652883273634981E+05  0.106860921396088E+06
0.240000000000122E-06 0.361600000000182E+03  0.629118252001820E+05  0.963498137489115E+05
0.242000000000124E-06 0.364580000000185E+03  0.717779861788137E+05  0.928836722825449E+05
0.244000000000126E-06 0.367560000000188E+03  0.625802982569863E+05  0.997736445836021E+05
0.246000000000129E-06 0.370540000000192E+03  0.650393885608493E+05  0.963315850417539E+05
0.248000000000131E-06 0.373520000000195E+03  0.643484265097720E+05  0.947186228572024E+05
0.250000000000133E-06 0.376500000000198E+03  0.593886620913692E+05  0.900342259623209E+05
0.252000000000136E-06 0.379480000000202E+03  0.709472637198595E+05  0.821871304753269E+05
0.254000000000138E-06 0.382460000000205E+03  0.692979418363564E+05  0.885777215668128E+05
0.256000000000140E-06 0.385440000000209E+03  0.698419573615733E+05  0.895286552828904E+05
0.258000000000142E-06 0.388420000000212E+03  0.625617034236371E+05  0.872755305107824E+05
0.260000000000145E-06 0.391400000000215E+03  0.646437965525938E+05  0.886453005016517E+05
0.262000000000147E-06 0.394380000000219E+03  0.542058768702436E+05  0.916471544253931E+05
0.264000000000149E-06 0.397360000000222E+03  0.589524625514945E+05  0.838106697260049E+05
0.266000000000151E-06 0.400340000000226E+03  0.469913369646936E+05  0.837631887936721E+05
0.268000000000154E-06 0.403320000000229E+03  0.512332592128800E+05  0.882327014438114E+05
0.270000000000156E-06 0.406300000000232E+03  0.565847177651046E+05  0.805513573239504E+05
0.272000000000158E-06 0.409280000000236E+03  0.548614058872627E+05  0.770534535931144E+05
0.274000000000160E-06 0.412260000000239E+03  0.488688683068692E+05  0.782762529464273E+05
0.276000000000163E-06 0.415240000000243E+03  0.513985968995699E+05  0.727975089032307E+05
0.278000000000165E-06 0.418220000000246E+03  0.457492403773013E+05  0.718827972144250E+05
0.280000000000167E-06 0.421200000000249E+03  0.654728590656500E+05  0.711074206412709E+05
0.282000000000170E-06 0.424180000000253E+03  0.457373899390796E+05  0.613441546349647E+05
0.284000000000172E-06 0.427160000000256E+03  0.471939704670808E+05  0.518420300148593E+05
0.286000000000174E-06 0.430140000000259E+03  0.483211865697517E+05  0.602453951910741E+05
0.288000000000176E-06 0.433120000000263E+03  0.425579596362736E+05  0.547661924586260E+05
0.290000000000179E-06 0.436100000000266E+03  0.445057350848939E+05  0.597923990590657E+05
0.292000000000181E-06 0.439080000000269E+03  0.455739239809987E+05  0.540761105665964E+05
0.294000000000183E-06 0.442060000000273E+03  0.490317120078932E+05  0.624937274978146E+05
0.296000000000185E-06 0.445040000000276E+03  0.451669308895597E+05  0.574547985101457E+05
0.298000000000188E-06 0.448020000000280E+03  0.548244021545567E+05  0.548864970708890E+05
0.300000000000190E-06 0.451000000000283E+03  0.445206124459162E+05  0.509714272070849E+05
0.302000000000192E-06 0.453980000000286E+03  0.561688344232068E+05  0.509387958255421E+05
0.304000000000194E-06 0.456960000000290E+03  0.595305167741076E+05  0.566951649527802E+05
0.306000000000197E-06 0.459940000000293E+03  0.643745906103023E+05  0.517383730268537E+05
0.308000000000199E-06 0.462920000000297E+03  0.586008822849684E+05  0.523478128594758E+05
0.310000000000201E-06 0.465900000000300E+03  0.498108741344208E+05  0.606821383804017E+05
0.312000000000204E-06 0.468880000000303E+03  0.397398037518300E+05  0.650395999326029E+05
0.314000000000206E-06 0.471860000000307E+03  0.572586995680468E+05  0.625825898441924E+05
0.316000000000208E-06 0.474840000000310E+03  0.672570421306894E+05  0.551683096259985E+05
0.318000000000210E-06 0.477820000000313E+03  0.675935626652513E+05  0.562328377467406E+05
0.320000000000213E-06 0.480800000000317E+03  0.585394598987031E+05  0.639678630109524E+05
0.322000000000215E-06 0.483780000000320E+03  0.490637239117734E+05  0.524755182331260E+05
0.324000000000217E-06 0.486760000000324E+03  0.677473419520938E+05  0.557525410802460E+05
0.326000000000219E-06 0.489740000000327E+03  0.715762538298158E+05  0.533480791179843E+05
0.328000000000222E-06 0.492720000000330E+03  0.702479601660944E+05  0.676019129692777E+05
0.330000000000224E-06 0.495700000000334E+03  0.784532894362820E+05  0.610791705477295E+05
0.332000000000226E-06 0.498680000000337E+03  0.850117603827880E+05  0.671143328752620E+05
0.334000000000228E-06 0.501660000000340E+03  0.708766677489576E+05  0.666733505127063E+05
0.336000000000231E-06 0.504640000000344E+03  0.669293107172662E+05  0.626842871513396E+05
0.338000000000233E-06 0.507620000000347E+03  0.541772117553111E+05  0.546097258271656E+05
0.340000000000235E-06 0.510600000000351E+03  0.518825765765928E+05  0.584008299431587E+05
0.342000000000238E-06 0.513580000000354E+03  0.549873346074515E+05  0.716034909417810E+05
0.344000000000240E-06 0.516560000000357E+03  0.375153015402653E+05  0.662847218137001E+05
0.346000000000242E-06 0.519540000000361E+03  0.334430840705995E+05  0.546095636862354E+05
0.348000000000244E-06 0.522520000000364E+03  0.397208073655743E+05  0.572802656514440E+05
0.350000000000247E-06 0.525500000000368E+03  0.340382106880503E+05  0.512277305950325E+05
0.352000000000249E-06 0.528480000000371E+03  0.312445025261686E+05  0.360514858516539E+05
0.354000000000251E-06 0.531460000000374E+03  0.128207279132919E+05  0.574334932548318E+05
0.356000000000253E-06 0.534440000000378E+03  0.297052382251474E+05  0.599875909344598E+05
0.358000000000256E-06 0.537420000000381E+03  0.263593825822373E+05  0.574033127836486E+05
0.360000000000258E-06 0.540400000000384E+03  0.369807670065655E+05  0.634712580151322E+05
0.362000000000260E-06 0.543380000000388E+03  0.355584985628502E+05  0.443713085152666E+05
0.364000000000263E-06 0.546360000000391E+03  0.225432224736331E+05  0.426021721365279E+05
0.366000000000265E-06 0.549340000000395E+03  0.299298159560300E+05  0.492013353605163E+05
0.368000000000267E-06 0.552320000000398E+03  0.429400006419321E+05  0.385889839834276E+05
0.370000000000269E-06 0.555300000000401E+03  0.429637192330676E+05  0.310384528261769E+05
0.372000000000272E-06 0.558280000000405E+03  0.393464678422722E+05  0.252545711725557E+05
0.374000000000274E-06 0.561260000000408E+03  0.574594662343123E+05  0.357215758614529E+05
0.376000000000276E-06 0.564240000000411E+03  0.440825779328906E+05  0.396864614230985E+05
0.378000000000278E-06 0.567220000000415E+03  0.535999917561570E+05  0.394324232574569E+05
0.380000000000281E-06 0.570200000000418E+03  0.369783101581428E+05  0.451066482825749E+05
0.382000000000283E-06 0.573180000000422E+03  0.392273488451178E+05  0.452461319602154E+05
0.384000000000285E-06 0.576160000000425E+03  0.437795266150022E+05  0.445144774627945E+05
0.386000000000287E-06 0.579140000000428E+03  0.537846642067192E+05  0.366948800863974E+05
0.388000000000290E-06 0.582120000000432E+03  0.577501087999343E+05  0.406330882621354E+05
0.390000000000292E-06 0.585100000000435E+03  0.406563018185482E+05  0.491559460223909E+05
0.392000000000294E-06 0.588080000000439E+03  0.354899218276454E+05  0.359780456840450E+05
0.394000000000297E-06 0.591060000000442E+03  0.340849418478240E+05  0.375918379624223E+05
0.396000000000299E-06 0.594040000000445E+03  0.304849670876360E+05  0.352029958903284E+05
0.398000000000301E-06 0.597020000000449E+03  0.417421305544344E+05  0.329132638980443E+05
0.400000000000303E-06 0.600000000000452E+03  0.412615853954097E+05  0.403034299739419E+05
