#                t(s)                  T(K)             M_ZFC(A/m)              M_FC(A/m)
0.200000000000000E-08 0.698000000000000E+01  0.237348477317699E+05  0.293491632442729E+06
0.400000000000002E-08 0.996000000000003E+01  0.243114822862617E+05  0.292540925650385E+06
0.599999999999997E-08 0.129400000000000E+02  0.241328385216936E+05  0.293168339600526E+06
0.799999999999992E-08 0.159199999999999E+02  0.238452721145327E+05  0.293349117351467E+06
0.999999999999988E-08 0.188999999999998E+02  0.240201660236785E+05  0.292223719961501E+06
0.119999999999998E-07 0.218799999999997E+02  0.235387893463859E+05  0.291211850921141E+06
0.139999999999998E-07 0.248599999999997E+02  0.252226306238733E+05  0.290606321051922E+06
0.159999999999999E-07 0.278399999999999E+02  0.233296193254525E+05  0.290823180157836E+06
0.180000000000002E-07 0.308200000000003E+02  0.228966520235287E+05  0.292656932325355E+06
0.200000000000005E-07 0.338000000000007E+02  0.234293872391840E+05  0.291070814892688E+06
0.220000000000008E-07 0.367800000000011E+02  0.240979089019093E+05  0.291425865649790E+06
0.240000000000010E-07 0.397600000000016E+02  0.241132583730573E+05  0.289751376598286E+06
0.260000000000013E-07 0.427400000000020E+02  0.235600306392671E+05  0.292838926147922E+06
0.280000000000016E-07 0.457200000000024E+02  0.246309774050325E+05  0.288953341355738E+06
0.300000000000018E-07 0.487000000000027E+02  0.227162424380052E+05  0.286913517993622E+06
0.320000000000014E-07 0.516800000000022E+02  0.218362641985595E+05  0.289623067725577E+06
0.340000000000011E-07 0.546600000000016E+02  0.227758794591900E+05  0.289747203625176E+06
0.360000000000007E-07 0.576400000000010E+02  0.253567754090198E+05  0.289233320482169E+06
0.380000000000003E-07 0.606200000000005E+02  0.272933465590740E+05  0.288495129779921E+06
0.399999999999999E-07 0.635999999999999E+02  0.241709312018973E+05  0.286999608882151E+06
0.419999999999995E-07 0.665799999999993E+02  0.249919710173357E+05  0.288716808660702E+06
0.439999999999992E-07 0.695599999999988E+02  0.250449962331741E+05  0.287969520987772E+06
0.459999999999988E-07 0.725399999999982E+02  0.242900405943956E+05  0.288160545472644E+06
0.479999999999984E-07 0.755199999999976E+02  0.239070835977969E+05  0.286506204806153E+06
0.499999999999980E-07 0.784999999999971E+02  0.237338659520977E+05  0.287454681808289E+06
0.519999999999977E-07 0.814799999999965E+02  0.253031683878367E+05  0.287036087568358E+06
0.539999999999973E-07 0.844599999999959E+02  0.231409551939326E+05  0.283680595238697E+06
0.559999999999969E-07 0.874399999999954E+02  0.239190598836032E+05  0.285690655337382E+06
0.579999999999965E-07 0.904199999999948E+02  0.250621594521433E+05  0.283048365351010E+06
0.599999999999961E-07 0.933999999999943E+02  0.228939782849654E+05  0.281779430965148E+06
0.619999999999958E-07 0.963799999999937E+02  0.251065122407586E+05  0.285178930633760E+06
0.639999999999954E-07 0.993599999999931E+02  0.240287455564933E+05  0.288306650221882E+06
0.659999999999950E-07 0.102339999999993E+03  0.253051931727382E+05  0.287587439963272E+06
0.679999999999946E-07 0.105319999999992E+03  0.244033418630098E+05  0.288061856464974E+06
0.699999999999942E-07 0.108299999999991E+03  0.234315755156664E+05  0.281054320837783E+06
0.719999999999939E-07 0.111279999999991E+03  0.244066319733456E+05  0.281332120152603E+06
0.739999999999935E-07 0.114259999999990E+03  0.238454051868060E+05  0.284004186476509E+06
0.759999999999931E-07 0.117239999999990E+03  0.223066425426008E+05  0.282521500377563E+06
0.779999999999927E-07 0.120219999999989E+03  0.278349668431149E+05  0.282805175234191E+06
0.799999999999924E-07 0.123199999999989E+03  0.247561782120539E+05  0.280946553834666E+06
0.819999999999920E-07 0.126179999999988E+03  0.260991071786224E+05  0.282186763915385E+06
0.839999999999916E-07 0.129159999999987E+03  0.222514399588758E+05  0.280985803117867E+06
0.859999999999912E-07 0.132139999999987E+03  0.233956196912170E+05  0.278794420037363E+06
0.879999999999908E-07 0.135119999999986E+03  0.270648136844485E+05  0.283870003667000E+06
0.899999999999905E-07 0.138099999999986E+03  0.200295029009450E+05  0.283703513534012E+06
0.919999999999901E-07 0.141079999999985E+03  0.216631088636530E+05  0.280095767963513E+06
0.939999999999897E-07 0.144059999999985E+03  0.235257350118622E+05  0.283888800706252E+06
0.959999999999893E-07 0.147039999999984E+03  0.251867551941256E+05  0.279548591544699E+06
0.979999999999889E-07 0.150019999999984E+03  0.231644923464593E+05  0.279919523598143E+06
0.999999999999886E-07 0.152999999999983E+03  0.241502323090049E+05  0.277085251744986E+06
0.101999999999988E-06 0.155979999999982E+03  0.264361679793000E+05  0.278300907454409E+06
0.103999999999988E-06 0.158959999999982E+03  0.240437196400129E+05  0.278446133454746E+06
0.105999999999987E-06 0.161939999999981E+03  0.242286322285231E+05  0.275860362606710E+06
0.107999999999987E-06 0.164919999999981E+03  0.230659265887809E+05  0.276122428067363E+06
0.109999999999987E-06 0.167899999999980E+03  0.255379179735171E+05  0.279341912280728E+06
0.111999999999986E-06 0.170879999999980E+03  0.237949481074268E+05  0.275719125575769E+06
0.113999999999986E-06 0.173859999999979E+03  0.213980382585028E+05  0.275244093453693E+06
0.115999999999986E-06 0.176839999999978E+03  0.228369351044174E+05  0.276371539454185E+06
0.117999999999985E-06 0.179819999999978E+03  0.258606863065735E+05  0.270843584429691E+06
0.119999999999986E-06 0.182799999999979E+03  0.227543211667617E+05  0.275272865698235E+06
0.121999999999988E-06 0.185779999999982E+03  0.282109338827725E+05  0.273420032094890E+06
0.123999999999990E-06 0.188759999999986E+03  0.240366554110248E+05  0.275325997361072E+06
0.125999999999993E-06 0.191739999999989E+03  0.257059068152157E+05  0.271274960260487E+06
0.127999999999995E-06 0.194719999999992E+03  0.262611638531066E+05  0.270132390232451E+06
0.129999999999997E-06 0.197699999999996E+03  0.234268204229893E+05  0.276538409600868E+06
0.131999999999999E-06 0.200679999999999E+03  0.258693372833852E+05  0.267457844363220E+06
0.134000000000002E-06 0.203660000000003E+03  0.282474654741261E+05  0.269584779370528E+06
0.136000000000004E-06 0.206640000000006E+03  0.247733439742532E+05  0.269555184177874E+06
0.138000000000006E-06 0.209620000000009E+03  0.300171956833202E+05  0.269695401914150E+06
0.140000000000009E-06 0.212600000000013E+03  0.324427924399573E+05  0.265414953760261E+06
0.142000000000011E-06 0.215580000000016E+03  0.292899521746741E+05  0.263210360061924E+06
0.144000000000013E-06 0.218560000000019E+03  0.309729774325255E+05  0.260290881578597E+06
0.146000000000015E-06 0.221540000000023E+03  0.326422091231594E+05  0.264188933255535E+06
0.148000000000018E-06 0.224520000000026E+03  0.277002019055965E+05  0.261757400565755E+06
0.150000000000020E-06 0.227500000000030E+03  0.317821210874171E+05  0.261148457756258E+06
0.152000000000022E-06 0.230480000000033E+03  0.343153111919969E+05  0.262504384402577E+06
0.154000000000024E-06 0.233460000000036E+03  0.301118803946590E+05  0.255318073093557E+06
0.156000000000027E-06 0.236440000000040E+03  0.297429419368768E+05  0.259184490991294E+06
0.158000000000029E-06 0.239420000000043E+03  0.331000580801573E+05  0.251588078488519E+06
0.160000000000031E-06 0.242400000000046E+03  0.243657988510574E+05  0.248675267511725E+06
0.162000000000033E-06 0.245380000000050E+03  0.322152734863709E+05  0.253433030865481E+06
0.164000000000036E-06 0.248360000000053E+03  0.318707247282924E+05  0.250066675805832E+06
0.166000000000038E-06 0.251340000000057E+03  0.308167673438692E+05  0.245638671664515E+06
0.168000000000040E-06 0.254320000000060E+03  0.340590679813207E+05  0.242736598310378E+06
0.170000000000043E-06 0.257300000000063E+03  0.351162147942549E+05  0.237396414681269E+06
0.172000000000045E-06 0.260280000000067E+03  0.462549831415520E+05  0.243282885668875E+06
0.174000000000047E-06 0.263260000000070E+03  0.379460001940708E+05  0.239794550645675E+06
0.176000000000049E-06 0.266240000000074E+03  0.381614199792105E+05  0.232839352092641E+06
0.178000000000052E-06 0.269220000000077E+03  0.397197386100930E+05  0.231939179335447E+06
0.180000000000054E-06 0.272200000000080E+03  0.442660530637695E+05  0.229273944105833E+06
0.182000000000056E-06 0.275180000000084E+03  0.470704414100951E+05  0.228249273786127E+06
0.184000000000058E-06 0.278160000000087E+03  0.430933428551926E+05  0.220961650742949E+06
0.186000000000061E-06 0.281140000000090E+03  0.379726590758289E+05  0.215756183934850E+06
0.188000000000063E-06 0.284120000000094E+03  0.468087083948305E+05  0.216223138588120E+06
0.190000000000065E-06 0.287100000000097E+03  0.449050071626303E+05  0.202953498870150E+06
0.192000000000067E-06 0.290080000000101E+03  0.391903308071035E+05  0.213075304213484E+06
0.194000000000070E-06 0.293060000000104E+03  0.477951724439191E+05  0.198041294079419E+06
0.196000000000072E-06 0.296040000000107E+03  0.437057116062427E+05  0.194715130290375E+06
0.198000000000074E-06 0.299020000000111E+03  0.419363824149021E+05  0.193201965014541E+06
0.200000000000077E-06 0.302000000000114E+03  0.532466839292650E+05  0.188415606533438E+06
0.202000000000079E-06 0.304980000000117E+03  0.479209960137791E+05  0.195057817597264E+06
0.204000000000081E-06 0.307960000000121E+03  0.451477860031610E+05  0.181029838431344E+06
0.206000000000083E-06 0.310940000000124E+03  0.512059155052288E+05  0.182323726197369E+06
0.208000000000086E-06 0.313920000000128E+03  0.450114460714484E+05  0.182610231717402E+06
0.210000000000088E-06 0.316900000000131E+03  0.550436565847243E+05  0.173373663186097E+06
0.212000000000090E-06 0.319880000000134E+03  0.506076535240813E+05  0.168578659445054E+06
0.214000000000092E-06 0.322860000000138E+03  0.613913424141822E+05  0.159428904499566E+06
0.216000000000095E-06 0.325840000000141E+03  0.641499854358711E+05  0.158071902313287E+06
0.218000000000097E-06 0.328820000000144E+03  0.618600748369756E+05  0.149128829146808E+06
0.220000000000099E-06 0.331800000000148E+03  0.742975964196150E+05  0.138204450401399E+06
0.222000000000101E-06 0.334780000000151E+03  0.686456461802769E+05  0.138869998301782E+06
0.224000000000104E-06 0.337760000000155E+03  0.799800442194771E+05  0.132278441795417E+06
0.226000000000106E-06 0.340740000000158E+03  0.812669250958093E+05  0.135996646710445E+06
0.228000000000108E-06 0.343720000000161E+03  0.806497467867053E+05  0.130445173147696E+06
0.230000000000111E-06 0.346700000000165E+03  0.820796351059880E+05  0.130832904988460E+06
0.232000000000113E-06 0.349680000000168E+03  0.749726324947462E+05  0.129977078599938E+06
0.234000000000115E-06 0.352660000000171E+03  0.738722068064840E+05  0.125608128939633E+06
0.236000000000117E-06 0.355640000000175E+03  0.787078547684772E+05  0.122949418648299E+06
0.238000000000120E-06 0.358620000000178E+03  0.736965997799922E+05  0.991762944010189E+05
0.240000000000122E-06 0.361600000000182E+03  0.770483139094436E+05  0.921381019809336E+05
0.242000000000124E-06 0.364580000000185E+03  0.698883762825783E+05  0.104812395827057E+06
0.244000000000126E-06 0.367560000000188E+03  0.727419435970506E+05  0.102669860252747E+06
0.246000000000129E-06 0.370540000000192E+03  0.741819501154743E+05  0.100344208068808E+06
0.248000000000131E-06 0.373520000000195E+03  0.729896678241152E+05  0.967213670973808E+05
0.250000000000133E-06 0.376500000000198E+03  0.689695891262259E+05  0.929730241361280E+05
0.252000000000136E-06 0.379480000000202E+03  0.694056845672384E+05  0.858968813580893E+05
0.254000000000138E-06 0.382460000000205E+03  0.680157888430471E+05  0.812475411811635E+05
0.256000000000140E-06 0.385440000000209E+03  0.783306241355191E+05  0.858272135088542E+05
0.258000000000142E-06 0.388420000000212E+03  0.703850875136910E+05  0.815455105736551E+05
0.260000000000145E-06 0.391400000000215E+03  0.750066559979045E+05  0.797613916542900E+05
0.262000000000147E-06 0.394380000000219E+03  0.673882829577558E+05  0.669045201336645E+05
0.264000000000149E-06 0.397360000000222E+03  0.665340033047980E+05  0.627502953756014E+05
0.266000000000151E-06 0.400340000000226E+03  0.773470971469720E+05  0.638395033198332E+05
0.268000000000154E-06 0.403320000000229E+03  0.680885587157067E+05  0.717365679657456E+05
0.270000000000156E-06 0.406300000000232E+03  0.769411548976726E+05  0.710481305875893E+05
0.272000000000158E-06 0.409280000000236E+03  0.674942610188177E+05  0.675073064769402E+05
0.274000000000160E-06 0.412260000000239E+03  0.669742590063708E+05  0.687988467167478E+05
0.276000000000163E-06 0.415240000000243E+03  0.609851397739954E+05  0.646247807218814E+05
0.278000000000165E-06 0.418220000000246E+03  0.614736223461811E+05  0.697102867478755E+05
0.280000000000167E-06 0.421200000000249E+03  0.671003111479508E+05  0.623364622024751E+05
0.282000000000170E-06 0.424180000000253E+03  0.551030298506359E+05  0.578124377074161E+05
0.284000000000172E-06 0.427160000000256E+03  0.647607866759606E+05  0.655162250361403E+05
0.286000000000174E-06 0.430140000000259E+03  0.606558916860917E+05  0.603291433955822E+05
0.288000000000176E-06 0.433120000000263E+03  0.614672907429625E+05  0.593893659024307E+05
0.290000000000179E-06 0.436100000000266E+03  0.533637428361328E+05  0.661564746049356E+05
0.292000000000181E-06 0.439080000000269E+03  0.447458672603677E+05  0.655584115508598E+05
0.294000000000183E-06 0.442060000000273E+03  0.573639964064935E+05  0.622433621991866E+05
0.296000000000185E-06 0.445040000000276E+03  0.517237638108507E+05  0.567890399378267E+05
0.298000000000188E-06 0.448020000000280E+03  0.505170281324260E+05  0.554109368335822E+05
0.300000000000190E-06 0.451000000000283E+03  0.501220067145682E+05  0.650656242981792E+05
0.302000000000192E-06 0.453980000000286E+03  0.476930456054903E+05  0.618156738699200E+05
0.304000000000194E-06 0.456960000000290E+03  0.507947477526111E+05  0.501694500967469E+05
0.306000000000197E-06 0.459940000000293E+03  0.457676651748332E+05  0.522265963665201E+05
0.308000000000199E-06 0.462920000000297E+03  0.428861480801645E+05  0.616432643453757E+05
0.310000000000201E-06 0.465900000000300E+03  0.434270048346778E+05  0.503947323424398E+05
0.312000000000204E-06 0.468880000000303E+03  0.502797806945566E+05  0.514587301524041E+05
0.314000000000206E-06 0.471860000000307E+03  0.485283166025118E+05  0.499342020934380E+05
0.316000000000208E-06 0.474840000000310E+03  0.458752482973195E+05  0.393419846275904E+05
0.318000000000210E-06 0.477820000000313E+03  0.557677767940737E+05  0.388678496869465E+05
0.320000000000213E-06 0.480800000000317E+03  0.549994747646915E+05  0.373054436164864E+05
0.322000000000215E-06 0.483780000000320E+03  0.527822119383515E+05  0.256346839239751E+05
0.324000000000217E-06 0.486760000000324E+03  0.509057485497974E+05  0.356500586098072E+05
0.326000000000219E-06 0.489740000000327E+03  0.416910906398683E+05  0.299589266547490E+05
0.328000000000222E-06 0.492720000000330E+03  0.399193868864281E+05  0.380240167513737E+05
0.330000000000224E-06 0.495700000000334E+03  0.435779140326115E+05  0.466685442673615E+05
0.332000000000226E-06 0.498680000000337E+03  0.467141478695657E+05  0.442533488912579E+05
0.334000000000228E-06 0.501660000000340E+03  0.419533359218462E+05  0.374254430793983E+05
0.336000000000231E-06 0.504640000000344E+03  0.441593610827456E+05  0.307089784277990E+05
0.338000000000233E-06 0.507620000000347E+03  0.554964885243469E+05  0.348387985941173E+05
0.340000000000235E-06 0.510600000000351E+03  0.450188657525495E+05  0.395168134815631E+05
0.342000000000238E-06 0.513580000000354E+03  0.382391863056752E+05  0.289697039141620E+05
0.344000000000240E-06 0.516560000000357E+03  0.304828374225457E+05  0.376698432195075E+05
0.346000000000242E-06 0.519540000000361E+03  0.311233890219772E+05  0.333584633740521E+05
0.348000000000244E-06 0.522520000000364E+03  0.495269484310629E+05  0.308859511255700E+05
0.350000000000247E-06 0.525500000000368E+03  0.483791120351000E+05  0.270606382774898E+05
0.352000000000249E-06 0.528480000000371E+03  0.374677329628246E+05  0.392023481837776E+05
0.354000000000251E-06 0.531460000000374E+03  0.403214049493936E+05  0.534570476664477E+05
0.356000000000253E-06 0.534440000000378E+03  0.370657008903236E+05  0.522323867019636E+05
0.358000000000256E-06 0.537420000000381E+03  0.456699086995484E+05  0.445375799696033E+05
0.360000000000258E-06 0.540400000000384E+03  0.553285029820112E+05  0.571734646781904E+05
0.362000000000260E-06 0.543380000000388E+03  0.531584259275055E+05  0.511594651220993E+05
0.364000000000263E-06 0.546360000000391E+03  0.482581592204476E+05  0.389019322688292E+05
0.366000000000265E-06 0.549340000000395E+03  0.543064930320455E+05  0.452022599113207E+05
0.368000000000267E-06 0.552320000000398E+03  0.431261694638049E+05  0.469924440494334E+05
0.370000000000269E-06 0.555300000000401E+03  0.300925085863242E+05  0.447072056270141E+05
0.372000000000272E-06 0.558280000000405E+03  0.357091230991114E+05  0.403028857289921E+05
0.374000000000274E-06 0.561260000000408E+03  0.482632748554351E+05  0.532457333446047E+05
0.376000000000276E-06 0.564240000000411E+03  0.587934288932980E+05  0.402448813943264E+05
0.378000000000278E-06 0.567220000000415E+03  0.475906616973803E+05  0.401062516424662E+05
0.380000000000281E-06 0.570200000000418E+03  0.446387949046442E+05  0.383125124650189E+05
0.382000000000283E-06 0.573180000000422E+03  0.439401571756398E+05  0.309318692468929E+05
0.384000000000285E-06 0.576160000000425E+03  0.364034159291082E+05  0.416409528062419E+05
0.386000000000287E-06 0.579140000000428E+03  0.408547511816805E+05  0.426472170270666E+05
0.388000000000290E-06 0.582120000000432E+03  0.379210136370282E+05  0.356319886828489E+05
0.390000000000292E-06 0.585100000000435E+03  0.347256553449738E+05  0.344814065794928E+05
0.392000000000294E-06 0.588080000000439E+03  0.316137568525694E+05  0.579037159763161E+05
0.394000000000297E-06 0.591060000000442E+03  0.379683282372233E+05  0.587201314698328E+05
0.396000000000299E-06 0.594040000000445E+03  0.383071537302771E+05  0.463941362203687E+05
0.398000000000301E-06 0.597020000000449E+03  0.359752233338913E+05  0.500973701952851E+05
0.400000000000303E-06 0.600000000000452E+03  0.462447676909710E+05  0.474777897957640E+05
