#                t(s)                  T(K)             M_ZFC(A/m)              M_FC(A/m)
0.200000000000000E-08 0.698000000000000E+01  0.830438469490435E+04  0.284478775601349E+06
0.400000000000002E-08 0.996000000000003E+01  0.830070088039003E+04  0.284624335038642E+06
0.599999999999997E-08 0.129400000000000E+02  0.903998932199934E+04  0.283223120670023E+06
0.799999999999992E-08 0.159199999999999E+02  0.794226732310882E+04  0.283589099102820E+06
0.999999999999988E-08 0.188999999999998E+02  0.818159915312119E+04  0.282649724665746E+06
0.119999999999998E-07 0.218799999999997E+02  0.846229291265498E+04  0.283472497126569E+06
0.139999999999998E-07 0.248599999999997E+02  0.833440640719321E+04  0.284405186533251E+06
0.159999999999999E-07 0.278399999999999E+02  0.751980795682423E+04  0.282550399654062E+06
0.180000000000002E-07 0.308200000000003E+02  0.864651271219002E+04  0.284428576606805E+06
0.200000000000005E-07 0.338000000000007E+02  0.818012353992193E+04  0.281503553212470E+06
0.220000000000008E-07 0.367800000000011E+02  0.843199999686514E+04  0.282483689965216E+06
0.240000000000010E-07 0.397600000000016E+02  0.106434367990840E+05  0.282818494352730E+06
0.260000000000013E-07 0.427400000000020E+02  0.110708370646239E+05  0.281012836078196E+06
0.280000000000016E-07 0.457200000000024E+02  0.711213775808152E+04  0.279878636829468E+06
0.300000000000018E-07 0.487000000000027E+02  0.786623914467474E+04  0.282944007976990E+06
0.320000000000014E-07 0.516800000000022E+02  0.870793242160265E+04  0.280442809583638E+06
0.340000000000011E-07 0.546600000000016E+02  0.684688110602691E+04  0.280496098170341E+06
0.360000000000007E-07 0.576400000000010E+02  0.755610111387356E+04  0.279999181403056E+06
0.380000000000003E-07 0.606200000000005E+02  0.912781539480186E+04  0.282052412043537E+06
0.399999999999999E-07 0.635999999999999E+02  0.747110942844864E+04  0.279424630253783E+06
0.419999999999995E-07 0.665799999999993E+02  0.109842728193764E+05  0.280272863582918E+06
0.439999999999992E-07 0.695599999999988E+02  0.101784272425322E+05  0.278892241359968E+06
0.459999999999988E-07 0.725399999999982E+02  0.110634323425777E+05  0.280515768133254E+06
0.479999999999984E-07 0.755199999999976E+02  0.968858437375495E+04  0.278712682534483E+06
0.499999999999980E-07 0.784999999999971E+02  0.696522140661315E+04  0.279726882562922E+06
0.519999999999977E-07 0.814799999999965E+02  0.983319801382240E+04  0.278950937379935E+06
0.539999999999973E-07 0.844599999999959E+02  0.933129103370410E+04  0.277191767434885E+06
0.559999999999969E-07 0.874399999999954E+02  0.816064460213183E+04  0.277722825830602E+06
0.579999999999965E-07 0.904199999999948E+02  0.106632899272708E+05  0.278203559563671E+06
0.599999999999961E-07 0.933999999999943E+02  0.107019028420261E+05  0.276143899505031E+06
0.619999999999958E-07 0.963799999999937E+02  0.632283255423937E+04  0.278036460420548E+06
0.639999999999954E-07 0.993599999999931E+02  0.511960576602438E+04  0.274347176754732E+06
0.659999999999950E-07 0.102339999999993E+03  0.122296303553344E+05  0.276842358168742E+06
0.679999999999946E-07 0.105319999999992E+03  0.654886950777484E+04  0.275120675747472E+06
0.699999999999942E-07 0.108299999999991E+03  0.908555778508546E+04  0.276091321818912E+06
0.719999999999939E-07 0.111279999999991E+03  0.603939686703435E+04  0.276705298805973E+06
0.739999999999935E-07 0.114259999999990E+03  0.100468516387437E+05  0.274635561186764E+06
0.759999999999931E-07 0.117239999999990E+03  0.814669328515672E+04  0.274577321242178E+06
0.779999999999927E-07 0.120219999999989E+03  0.722595701746836E+04  0.275746771967334E+06
0.799999999999924E-07 0.123199999999989E+03  0.814055011126964E+04  0.272220629056079E+06
0.819999999999920E-07 0.126179999999988E+03  0.929269526113134E+04  0.272224763011633E+06
0.839999999999916E-07 0.129159999999987E+03  0.135005451054935E+05  0.272898467859522E+06
0.859999999999912E-07 0.132139999999987E+03  0.704485119499615E+04  0.271427386309787E+06
0.879999999999908E-07 0.135119999999986E+03  0.106622250845691E+05  0.271774428993836E+06
0.899999999999905E-07 0.138099999999986E+03  0.826231245310411E+04  0.271680215032111E+06
0.919999999999901E-07 0.141079999999985E+03  0.102709391221354E+05  0.269588478167486E+06
0.939999999999897E-07 0.144059999999985E+03  0.111745147754988E+05  0.272530715683951E+06
0.959999999999893E-07 0.147039999999984E+03  0.664134061378084E+04  0.268524021135267E+06
0.979999999999889E-07 0.150019999999984E+03  0.137457546656832E+05  0.269717500070365E+06
0.999999999999886E-07 0.152999999999983E+03  0.776801437018889E+04  0.270941059520169E+06
0.101999999999988E-06 0.155979999999982E+03  0.882898213616672E+04  0.272548147210415E+06
0.103999999999988E-06 0.158959999999982E+03  0.856418286350533E+04  0.273250803021132E+06
0.105999999999987E-06 0.161939999999981E+03  0.948980509732657E+04  0.272817868052382E+06
0.107999999999987E-06 0.164919999999981E+03  0.925640057601306E+04  0.272401253446281E+06
0.109999999999987E-06 0.167899999999980E+03  0.142732208361110E+05  0.270432306674707E+06
0.111999999999986E-06 0.170879999999980E+03  0.114604137283200E+05  0.273005434932506E+06
0.113999999999986E-06 0.173859999999979E+03  0.152028855513712E+05  0.269343734484195E+06
0.115999999999986E-06 0.176839999999978E+03  0.136314850306100E+05  0.267767154606594E+06
0.117999999999985E-06 0.179819999999978E+03  0.108786441082894E+05  0.269134925484358E+06
0.119999999999986E-06 0.182799999999979E+03  0.145776767492772E+05  0.263171816243521E+06
0.121999999999988E-06 0.185779999999982E+03  0.139040531879409E+05  0.267799765923604E+06
0.123999999999990E-06 0.188759999999986E+03  0.145808606779083E+05  0.263955301527519E+06
0.125999999999993E-06 0.191739999999989E+03  0.125432310606243E+05  0.263872058516714E+06
0.127999999999995E-06 0.194719999999992E+03  0.155525126950663E+05  0.265072671751434E+06
0.129999999999997E-06 0.197699999999996E+03  0.200641040444068E+05  0.266493340021105E+06
0.131999999999999E-06 0.200679999999999E+03  0.158782600936552E+05  0.261393071685883E+06
0.134000000000002E-06 0.203660000000003E+03  0.104040675145042E+05  0.261560754983047E+06
0.136000000000004E-06 0.206640000000006E+03  0.174395718716297E+05  0.264868591632396E+06
0.138000000000006E-06 0.209620000000009E+03  0.194891886390433E+05  0.259978068342838E+06
0.140000000000009E-06 0.212600000000013E+03  0.146126153749778E+05  0.251795839545649E+06
0.142000000000011E-06 0.215580000000016E+03  0.126244354257358E+05  0.258368656076121E+06
0.144000000000013E-06 0.218560000000019E+03  0.159735170484271E+05  0.250386983863640E+06
0.146000000000015E-06 0.221540000000023E+03  0.131422718553148E+05  0.249633360765011E+06
0.148000000000018E-06 0.224520000000026E+03  0.151952174248945E+05  0.257538639886871E+06
0.150000000000020E-06 0.227500000000030E+03  0.232023570170410E+05  0.248277828073569E+06
0.152000000000022E-06 0.230480000000033E+03  0.244128724891003E+05  0.251837736778056E+06
0.154000000000024E-06 0.233460000000036E+03  0.171153385799129E+05  0.245202138307615E+06
0.156000000000027E-06 0.236440000000040E+03  0.258410836571338E+05  0.247195442106545E+06
0.158000000000029E-06 0.239420000000043E+03  0.174504143593758E+05  0.247098973179446E+06
0.160000000000031E-06 0.242400000000046E+03  0.224292565933284E+05  0.237492453163373E+06
0.162000000000033E-06 0.245380000000050E+03  0.280097831987253E+05  0.234963405904295E+06
0.164000000000036E-06 0.248360000000053E+03  0.234800740472487E+05  0.242370470827579E+06
0.166000000000038E-06 0.251340000000057E+03  0.256014138199615E+05  0.240572500203059E+06
0.168000000000040E-06 0.254320000000060E+03  0.204222194996416E+05  0.239729468216178E+06
0.170000000000043E-06 0.257300000000063E+03  0.222644789701957E+05  0.232560345095198E+06
0.172000000000045E-06 0.260280000000067E+03  0.229346810853372E+05  0.231454648638106E+06
0.174000000000047E-06 0.263260000000070E+03  0.269606787938372E+05  0.222506736061435E+06
0.176000000000049E-06 0.266240000000074E+03  0.303961400434396E+05  0.219414672412742E+06
0.178000000000052E-06 0.269220000000077E+03  0.213969408097153E+05  0.217207620532304E+06
0.180000000000054E-06 0.272200000000080E+03  0.277399614465195E+05  0.214544910057388E+06
0.182000000000056E-06 0.275180000000084E+03  0.319689075695953E+05  0.210768017695915E+06
0.184000000000058E-06 0.278160000000087E+03  0.270518548969022E+05  0.210211964535651E+06
0.186000000000061E-06 0.281140000000090E+03  0.305871570394183E+05  0.213389732987949E+06
0.188000000000063E-06 0.284120000000094E+03  0.351718328452959E+05  0.202403464338735E+06
0.190000000000065E-06 0.287100000000097E+03  0.306665952454716E+05  0.199153713103126E+06
0.192000000000067E-06 0.290080000000101E+03  0.378306589628087E+05  0.194152105823677E+06
0.194000000000070E-06 0.293060000000104E+03  0.325691010695751E+05  0.189269780625172E+06
0.196000000000072E-06 0.296040000000107E+03  0.375536978288088E+05  0.180138243461480E+06
0.198000000000074E-06 0.299020000000111E+03  0.385085217038655E+05  0.187717696633000E+06
0.200000000000077E-06 0.302000000000114E+03  0.412840543705706E+05  0.175436731195229E+06
0.202000000000079E-06 0.304980000000117E+03  0.443915146772914E+05  0.171709261998292E+06
0.204000000000081E-06 0.307960000000121E+03  0.367385276738095E+05  0.171184663068036E+06
0.206000000000083E-06 0.310940000000124E+03  0.408858369869059E+05  0.165869077422117E+06
0.208000000000086E-06 0.313920000000128E+03  0.423504430719173E+05  0.150787223816366E+06
0.210000000000088E-06 0.316900000000131E+03  0.438152910615943E+05  0.158539442485203E+06
0.212000000000090E-06 0.319880000000134E+03  0.443014740036818E+05  0.153862478910029E+06
0.214000000000092E-06 0.322860000000138E+03  0.445792985160412E+05  0.144443626845142E+06
0.216000000000095E-06 0.325840000000141E+03  0.411991365092593E+05  0.142603708324815E+06
0.218000000000097E-06 0.328820000000144E+03  0.428720044117422E+05  0.135238504046330E+06
0.220000000000099E-06 0.331800000000148E+03  0.433781454491873E+05  0.136299387358906E+06
0.222000000000101E-06 0.334780000000151E+03  0.398901268999794E+05  0.136417644235412E+06
0.224000000000104E-06 0.337760000000155E+03  0.526219357484202E+05  0.137162069304861E+06
0.226000000000106E-06 0.340740000000158E+03  0.528993775134026E+05  0.120099663195659E+06
0.228000000000108E-06 0.343720000000161E+03  0.448759358899413E+05  0.129450222873445E+06
0.230000000000111E-06 0.346700000000165E+03  0.526075976110808E+05  0.128456116238049E+06
0.232000000000113E-06 0.349680000000168E+03  0.498802737160793E+05  0.121926478930484E+06
0.234000000000115E-06 0.352660000000171E+03  0.537614629859136E+05  0.121326392193458E+06
0.236000000000117E-06 0.355640000000175E+03  0.540730823086707E+05  0.114726970783197E+06
0.238000000000120E-06 0.358620000000178E+03  0.507378695770876E+05  0.102732614717974E+06
0.240000000000122E-06 0.361600000000182E+03  0.615298220617000E+05  0.100272201945422E+06
0.242000000000124E-06 0.364580000000185E+03  0.581650826675111E+05  0.100704048495615E+06
0.244000000000126E-06 0.367560000000188E+03  0.551380219280182E+05  0.100698978605492E+06
0.246000000000129E-06 0.370540000000192E+03  0.599440184232434E+05  0.847331038819519E+05
0.248000000000131E-06 0.373520000000195E+03  0.557172712700524E+05  0.814244143404587E+05
0.250000000000133E-06 0.376500000000198E+03  0.573592852930408E+05  0.825453730794539E+05
0.252000000000136E-06 0.379480000000202E+03  0.529181150848497E+05  0.770381015421159E+05
0.254000000000138E-06 0.382460000000205E+03  0.629678332677520E+05  0.724661504542177E+05
0.256000000000140E-06 0.385440000000209E+03  0.575103490144577E+05  0.650526150246535E+05
0.258000000000142E-06 0.388420000000212E+03  0.588860121126639E+05  0.666519408138759E+05
0.260000000000145E-06 0.391400000000215E+03  0.515649468854316E+05  0.704914775186284E+05
0.262000000000147E-06 0.394380000000219E+03  0.411043563496494E+05  0.657658055256442E+05
0.264000000000149E-06 0.397360000000222E+03  0.371687663836122E+05  0.688892163078357E+05
0.266000000000151E-06 0.400340000000226E+03  0.385408409644998E+05  0.755926300099564E+05
0.268000000000154E-06 0.403320000000229E+03  0.367235236351477E+05  0.839260213777243E+05
0.270000000000156E-06 0.406300000000232E+03  0.519775309057097E+05  0.821806173752921E+05
0.272000000000158E-06 0.409280000000236E+03  0.587746003115030E+05  0.764866006071945E+05
0.274000000000160E-06 0.412260000000239E+03  0.535160626551476E+05  0.781403039910564E+05
0.276000000000163E-06 0.415240000000243E+03  0.532107051124458E+05  0.829671374205605E+05
0.278000000000165E-06 0.418220000000246E+03  0.663194327704561E+05  0.794029545365762E+05
0.280000000000167E-06 0.421200000000249E+03  0.609729160431665E+05  0.783493098629516E+05
0.282000000000170E-06 0.424180000000253E+03  0.574175076920225E+05  0.784042642183648E+05
0.284000000000172E-06 0.427160000000256E+03  0.627911879842863E+05  0.737196919872408E+05
0.286000000000174E-06 0.430140000000259E+03  0.493369522350635E+05  0.648411577654552E+05
0.288000000000176E-06 0.433120000000263E+03  0.411651655808582E+05  0.656431963539605E+05
0.290000000000179E-06 0.436100000000266E+03  0.548947458465971E+05  0.658172073227074E+05
0.292000000000181E-06 0.439080000000269E+03  0.646939146754930E+05  0.662498102394666E+05
0.294000000000183E-06 0.442060000000273E+03  0.575671434220182E+05  0.767080412218747E+05
0.296000000000185E-06 0.445040000000276E+03  0.596533969784754E+05  0.661319378295454E+05
0.298000000000188E-06 0.448020000000280E+03  0.766025201412637E+05  0.550871810676442E+05
0.300000000000190E-06 0.451000000000283E+03  0.750056077328334E+05  0.647494532640033E+05
0.302000000000192E-06 0.453980000000286E+03  0.584964401326826E+05  0.469690697613617E+05
0.304000000000194E-06 0.456960000000290E+03  0.636919957479731E+05  0.572234319098840E+05
0.306000000000197E-06 0.459940000000293E+03  0.600269563235147E+05  0.541759440606666E+05
0.308000000000199E-06 0.462920000000297E+03  0.661730690169003E+05  0.584000721963190E+05
0.310000000000201E-06 0.465900000000300E+03  0.728495957584954E+05  0.653974029750143E+05
0.312000000000204E-06 0.468880000000303E+03  0.604459651109659E+05  0.630571168071312E+05
0.314000000000206E-06 0.471860000000307E+03  0.567974627867011E+05  0.464144504201178E+05
0.316000000000208E-06 0.474840000000310E+03  0.622350227852659E+05  0.485972256428422E+05
0.318000000000210E-06 0.477820000000313E+03  0.684989916414997E+05  0.431062951361814E+05
0.320000000000213E-06 0.480800000000317E+03  0.583418217780655E+05  0.487928016691678E+05
0.322000000000215E-06 0.483780000000320E+03  0.679682945001760E+05  0.426991639680800E+05
0.324000000000217E-06 0.486760000000324E+03  0.604461114382673E+05  0.434584972157818E+05
0.326000000000219E-06 0.489740000000327E+03  0.572242395414251E+05  0.418184395611016E+05
0.328000000000222E-06 0.492720000000330E+03  0.607570884999904E+05  0.492038331452347E+05
0.330000000000224E-06 0.495700000000334E+03  0.503156340175545E+05  0.429275446050934E+05
0.332000000000226E-06 0.498680000000337E+03  0.638679371939061E+05  0.410912359786635E+05
0.334000000000228E-06 0.501660000000340E+03  0.607973917196351E+05  0.564362275776471E+05
0.336000000000231E-06 0.504640000000344E+03  0.444520023359906E+05  0.527043361223996E+05
0.338000000000233E-06 0.507620000000347E+03  0.504445276652608E+05  0.555414218885873E+05
0.340000000000235E-06 0.510600000000351E+03  0.389963191037429E+05  0.372657125408204E+05
0.342000000000238E-06 0.513580000000354E+03  0.394618060887552E+05  0.489216493789881E+05
0.344000000000240E-06 0.516560000000357E+03  0.361497610166535E+05  0.472367902606923E+05
0.346000000000242E-06 0.519540000000361E+03  0.462505092393289E+05  0.576092665986539E+05
0.348000000000244E-06 0.522520000000364E+03  0.338832852315165E+05  0.447896441872231E+05
0.350000000000247E-06 0.525500000000368E+03  0.441687645570796E+05  0.448877380853106E+05
0.352000000000249E-06 0.528480000000371E+03  0.416842510986551E+05  0.465841876765960E+05
0.354000000000251E-06 0.531460000000374E+03  0.400848333794206E+05  0.574037885459881E+05
0.356000000000253E-06 0.534440000000378E+03  0.354992762448207E+05  0.519276986118251E+05
0.358000000000256E-06 0.537420000000381E+03  0.310417600309113E+05  0.571230551771430E+05
0.360000000000258E-06 0.540400000000384E+03  0.434921271642992E+05  0.565372911194820E+05
0.362000000000260E-06 0.543380000000388E+03  0.261173162789727E+05  0.574181981172531E+05
0.364000000000263E-06 0.546360000000391E+03  0.245081432476380E+05  0.508740172511979E+05
0.366000000000265E-06 0.549340000000395E+03  0.198229139988801E+05  0.612918817315165E+05
0.368000000000267E-06 0.552320000000398E+03  0.250442962979024E+05  0.621269051618771E+05
0.370000000000269E-06 0.555300000000401E+03  0.265000338176578E+05  0.441871277384028E+05
0.372000000000272E-06 0.558280000000405E+03  0.456463971888704E+05  0.545715101455299E+05
0.374000000000274E-06 0.561260000000408E+03  0.339825957798238E+05  0.561013425800212E+05
0.376000000000276E-06 0.564240000000411E+03  0.373925870240311E+05  0.437640621671104E+05
0.378000000000278E-06 0.567220000000415E+03  0.333349238900515E+05  0.577398510319747E+05
0.380000000000281E-06 0.570200000000418E+03  0.367209170802168E+05  0.427375288737294E+05
0.382000000000283E-06 0.573180000000422E+03  0.543689389965361E+05  0.473266234245770E+05
0.384000000000285E-06 0.576160000000425E+03  0.412295999206456E+05  0.390030786410340E+05
0.386000000000287E-06 0.579140000000428E+03  0.414375975602506E+05  0.495238768940203E+05
0.388000000000290E-06 0.582120000000432E+03  0.472503986605568E+05  0.374023747584277E+05
0.390000000000292E-06 0.585100000000435E+03  0.355191895047998E+05  0.384118497947267E+05
0.392000000000294E-06 0.588080000000439E+03  0.280514104028780E+05  0.330847755524525E+05
0.394000000000297E-06 0.591060000000442E+03  0.329397459723343E+05  0.293858420325212E+05
0.396000000000299E-06 0.594040000000445E+03  0.327022457678461E+05  0.430814818913317E+05
0.398000000000301E-06 0.597020000000449E+03  0.352127446017335E+05  0.379640632620678E+05
0.400000000000303E-06 0.600000000000452E+03  0.375250078371038E+05  0.336544142090533E+05
