#  MCS   M-mean   M-sdt Γθ-mean  Γθ-std δθ-mean  δθ-std
     0   0.0796  0.0191  0.5371  0.0144  0.9425  0.0000
     1   0.1794  0.0180  0.5002  0.0157  1.1310  0.0000
     2   0.2885  0.0177  0.4543  0.0168  1.3572  0.0000
     3   0.4051  0.0167  0.4169  0.0158  1.6286  0.0000
     4   0.5183  0.0157  0.3706  0.0152  1.9543  0.0000
     5   0.6163  0.0140  0.3154  0.0127  2.1146  0.1923
     6   0.6889  0.0121  0.2688  0.0169  1.8097  0.1699
     7   0.7448  0.0101  0.2651  0.0203  1.5341  0.1018
     8   0.7883  0.0096  0.2667  0.0170  1.2973  0.1229
     9   0.8223  0.0081  0.2754  0.0223  1.1485  0.1129
    10   0.8499  0.0071  0.2818  0.0235  1.0262  0.0977
    11   0.8729  0.0061  0.2871  0.0235  0.9639  0.0795
    12   0.8919  0.0054  0.2855  0.0229  0.8849  0.0902
    13   0.9074  0.0048  0.2877  0.0258  0.8229  0.0791
    14   0.9206  0.0042  0.2867  0.0226  0.7668  0.0595
    15   0.9316  0.0038  0.2920  0.0214  0.7410  0.0634
    16   0.9407  0.0034  0.2871  0.0257  0.7002  0.0690
    17   0.9484  0.0032  0.2924  0.0264  0.6681  0.0683
    18   0.9550  0.0030  0.2942  0.0255  0.6397  0.0574
    19   0.9604  0.0027  0.2937  0.0264  0.6147  0.0429
    20   0.9650  0.0024  0.2965  0.0217  0.6027  0.0563
    21   0.9689  0.0021  0.2988  0.0278  0.5911  0.0517
    22   0.9723  0.0019  0.2950  0.0262  0.5687  0.0503
    23   0.9751  0.0017  0.2999  0.0289  0.5584  0.0492
    24   0.9774  0.0015  0.2994  0.0270  0.5487  0.0536
    25   0.9794  0.0014  0.2991  0.0279  0.5415  0.0459
    26   0.9811  0.0012  0.3005  0.0276  0.5375  0.0560
    27   0.9824  0.0010  0.3003  0.0334  0.5329  0.0503
    28   0.9836  0.0009  0.2970  0.0322  0.5167  0.0482
    29   0.9846  0.0009  0.2996  0.0292  0.5127  0.0503
    30   0.9855  0.0008  0.3027  0.0343  0.5047  0.0472
    31   0.9862  0.0008  0.3054  0.0315  0.5067  0.0456
    32   0.9868  0.0007  0.2986  0.0302  0.4943  0.0467
    33   0.9872  0.0006  0.3027  0.0321  0.4935  0.0488
    34   0.9877  0.0006  0.3058  0.0333  0.5010  0.0372
    35   0.9880  0.0005  0.2988  0.0270  0.4925  0.0466
    36   0.9883  0.0005  0.3030  0.0308  0.4894  0.0412
    37   0.9886  0.0005  0.3013  0.0310  0.4809  0.0491
    38   0.9888  0.0004  0.3094  0.0364  0.4874  0.0351
    39   0.9889  0.0003  0.3023  0.0278  0.4882  0.0429
    40   0.9891  0.0003  0.3018  0.0293  0.4831  0.0349
    41   0.9892  0.0003  0.3040  0.0276  0.4869  0.0354
    42   0.9893  0.0003  0.3019  0.0240  0.4887  0.0324
    43   0.9893  0.0003  0.3011  0.0237  0.4824  0.0402
    44   0.9894  0.0003  0.3035  0.0285  0.4852  0.0448
    45   0.9895  0.0003  0.3043  0.0342  0.4833  0.0395
    46   0.9895  0.0003  0.3032  0.0276  0.4793  0.0390
    47   0.9896  0.0003  0.3035  0.0295  0.4804  0.0371
    48   0.9896  0.0003  0.3038  0.0246  0.4874  0.0379
    49   0.9896  0.0004  0.2993  0.0281  0.4757  0.0382
    50   0.9897  0.0003  0.3081  0.0265  0.4869  0.0423
    51   0.9897  0.0003  0.3002  0.0296  0.4821  0.0435
    52   0.9897  0.0003  0.3047  0.0296  0.4850  0.0412
    53   0.9897  0.0003  0.3030  0.0277  0.4820  0.0350
    54   0.9897  0.0003  0.3042  0.0248  0.4866  0.0391
    55   0.9898  0.0003  0.2989  0.0257  0.4763  0.0377
    56   0.9898  0.0003  0.3062  0.0286  0.4822  0.0395
    57   0.9898  0.0003  0.3027  0.0297  0.4824  0.0502
    58   0.9898  0.0003  0.3041  0.0353  0.4744  0.0350
    59   0.9898  0.0003  0.3065  0.0267  0.4846  0.0409
    60   0.9898  0.0003  0.3029  0.0296  0.4827  0.0394
    61   0.9897  0.0003  0.3022  0.0287  0.4797  0.0438
    62   0.9898  0.0003  0.3045  0.0300  0.4783  0.0409
    63   0.9897  0.0003  0.3035  0.0297  0.4815  0.0414
    64   0.9898  0.0003  0.3027  0.0298  0.4788  0.0447
    65   0.9898  0.0003  0.3046  0.0319  0.4846  0.0416
    66   0.9898  0.0003  0.3021  0.0274  0.4795  0.0394
    67   0.9898  0.0003  0.3012  0.0267  0.4784  0.0399
    68   0.9898  0.0003  0.3037  0.0289  0.4767  0.0382
    69   0.9898  0.0003  0.3058  0.0280  0.4809  0.0459
    70   0.9898  0.0003  0.3044  0.0312  0.4816  0.0416
    71   0.9898  0.0003  0.3040  0.0284  0.4851  0.0397
    72   0.9898  0.0003  0.3004  0.0278  0.4710  0.0438
    73   0.9898  0.0003  0.3096  0.0328  0.4842  0.0420
    74   0.9898  0.0003  0.2989  0.0326  0.4767  0.0423
    75   0.9898  0.0003  0.3066  0.0329  0.4835  0.0431
    76   0.9898  0.0003  0.3026  0.0302  0.4786  0.0453
    77   0.9898  0.0003  0.3061  0.0296  0.4840  0.0353
    78   0.9899  0.0003  0.3015  0.0258  0.4815  0.0438
    79   0.9898  0.0003  0.3007  0.0326  0.4731  0.0435
    80   0.9898  0.0003  0.3088  0.0297  0.4808  0.0389
    81   0.9898  0.0003  0.3030  0.0250  0.4775  0.0405
    82   0.9898  0.0003  0.3063  0.0264  0.4862  0.0368
    83   0.9898  0.0003  0.3006  0.0261  0.4776  0.0427
    84   0.9898  0.0004  0.3049  0.0298  0.4838  0.0423
    85   0.9898  0.0004  0.3015  0.0265  0.4838  0.0368
    86   0.9898  0.0004  0.2984  0.0290  0.4723  0.0432
    87   0.9898  0.0004  0.3083  0.0322  0.4739  0.0410
    88   0.9898  0.0003  0.3025  0.0295  0.4741  0.0402
    89   0.9899  0.0003  0.3083  0.0287  0.4862  0.0417
    90   0.9899  0.0003  0.2966  0.0303  0.4731  0.0426
    91   0.9899  0.0003  0.3063  0.0297  0.4813  0.0385
    92   0.9899  0.0003  0.3001  0.0276  0.4757  0.0452
    93   0.9899  0.0003  0.3051  0.0317  0.4812  0.0396
    94   0.9899  0.0003  0.3060  0.0264  0.4889  0.0473
    95   0.9899  0.0003  0.2989  0.0343  0.4804  0.0397
    96   0.9899  0.0003  0.3010  0.0287  0.4717  0.0460
    97   0.9898  0.0003  0.3072  0.0317  0.4776  0.0394
    98   0.9898  0.0003  0.3073  0.0277  0.4853  0.0412
   100   0.9898  0.0004  0.3009  0.0320  0.4781  0.0463
