#                t(s)                  T(K)             M_ZFC(A/m)              M_FC(A/m)
0.200000000000000E-08 0.698000000000000E+01  0.229055690217897E+05  0.289197072828285E+06
0.400000000000002E-08 0.996000000000003E+01  0.232798322701573E+05  0.288509267078211E+06
0.599999999999997E-08 0.129400000000000E+02  0.228482738990089E+05  0.288415136324874E+06
0.799999999999992E-08 0.159199999999999E+02  0.216942210699237E+05  0.287488056815090E+06
0.999999999999988E-08 0.188999999999998E+02  0.226671483471760E+05  0.288011457951301E+06
0.119999999999998E-07 0.218799999999997E+02  0.231999772289044E+05  0.286555919562036E+06
0.139999999999998E-07 0.248599999999997E+02  0.244758136688258E+05  0.286965779134064E+06
0.159999999999999E-07 0.278399999999999E+02  0.231336702784695E+05  0.287909892599980E+06
0.180000000000002E-07 0.308200000000003E+02  0.225307420064541E+05  0.287581262696101E+06
0.200000000000005E-07 0.338000000000007E+02  0.213565045874571E+05  0.286739601238319E+06
0.220000000000008E-07 0.367800000000011E+02  0.233290113264372E+05  0.288698161489838E+06
0.240000000000010E-07 0.397600000000016E+02  0.225069283754771E+05  0.286013458974216E+06
0.260000000000013E-07 0.427400000000020E+02  0.233205412604261E+05  0.286018194132634E+06
0.280000000000016E-07 0.457200000000024E+02  0.226902093594062E+05  0.286245177771639E+06
0.300000000000018E-07 0.487000000000027E+02  0.248511430360076E+05  0.286102797545994E+06
0.320000000000014E-07 0.516800000000022E+02  0.219965674473679E+05  0.288852083794484E+06
0.340000000000011E-07 0.546600000000016E+02  0.224053497098915E+05  0.285637157482981E+06
0.360000000000007E-07 0.576400000000010E+02  0.206619106891548E+05  0.287298215600882E+06
0.380000000000003E-07 0.606200000000005E+02  0.213425462370028E+05  0.285264038914386E+06
0.399999999999999E-07 0.635999999999999E+02  0.215780306491527E+05  0.283207784794422E+06
0.419999999999995E-07 0.665799999999993E+02  0.230380545433551E+05  0.284238897143262E+06
0.439999999999992E-07 0.695599999999988E+02  0.219243748420398E+05  0.284378163400958E+06
0.459999999999988E-07 0.725399999999982E+02  0.217869118522519E+05  0.284910446179802E+06
0.479999999999984E-07 0.755199999999976E+02  0.228015969801573E+05  0.282587561372473E+06
0.499999999999980E-07 0.784999999999971E+02  0.221541271675183E+05  0.282393252273064E+06
0.519999999999977E-07 0.814799999999965E+02  0.231583751784512E+05  0.282796556143422E+06
0.539999999999973E-07 0.844599999999959E+02  0.222360713159170E+05  0.282442621038048E+06
0.559999999999969E-07 0.874399999999954E+02  0.233145047303286E+05  0.281634833739733E+06
0.579999999999965E-07 0.904199999999948E+02  0.224552006645896E+05  0.284129127834130E+06
0.599999999999961E-07 0.933999999999943E+02  0.215422333825084E+05  0.284350993779615E+06
0.619999999999958E-07 0.963799999999937E+02  0.200604368297055E+05  0.280926591777714E+06
0.639999999999954E-07 0.993599999999931E+02  0.184282712393161E+05  0.280237274994079E+06
0.659999999999950E-07 0.102339999999993E+03  0.220969580591510E+05  0.282430100427466E+06
0.679999999999946E-07 0.105319999999992E+03  0.232982730236786E+05  0.281461070052754E+06
0.699999999999942E-07 0.108299999999991E+03  0.217810594549897E+05  0.281050366297375E+06
0.719999999999939E-07 0.111279999999991E+03  0.241967788333586E+05  0.283033376067157E+06
0.739999999999935E-07 0.114259999999990E+03  0.193026105127182E+05  0.275567810992461E+06
0.759999999999931E-07 0.117239999999990E+03  0.235283762463314E+05  0.278544087360150E+06
0.779999999999927E-07 0.120219999999989E+03  0.208389815281197E+05  0.278674539393048E+06
0.799999999999924E-07 0.123199999999989E+03  0.226864464064164E+05  0.280359734308557E+06
0.819999999999920E-07 0.126179999999988E+03  0.194533992832290E+05  0.280167013095451E+06
0.839999999999916E-07 0.129159999999987E+03  0.268444185864893E+05  0.278944892034337E+06
0.859999999999912E-07 0.132139999999987E+03  0.213630835040321E+05  0.277575948278981E+06
0.879999999999908E-07 0.135119999999986E+03  0.242368337516912E+05  0.277497741225156E+06
0.899999999999905E-07 0.138099999999986E+03  0.239898418087731E+05  0.277468145635540E+06
0.919999999999901E-07 0.141079999999985E+03  0.269905491748073E+05  0.276460706817976E+06
0.939999999999897E-07 0.144059999999985E+03  0.225161552389576E+05  0.276000242177827E+06
0.959999999999893E-07 0.147039999999984E+03  0.232555677593002E+05  0.278693900909070E+06
0.979999999999889E-07 0.150019999999984E+03  0.219196886463146E+05  0.279020102492264E+06
0.999999999999886E-07 0.152999999999983E+03  0.234091489840305E+05  0.276441406798337E+06
0.101999999999988E-06 0.155979999999982E+03  0.248123260921521E+05  0.275354412539715E+06
0.103999999999988E-06 0.158959999999982E+03  0.255064821876949E+05  0.276352416392383E+06
0.105999999999987E-06 0.161939999999981E+03  0.251539555960409E+05  0.270879536541108E+06
0.107999999999987E-06 0.164919999999981E+03  0.245306427378235E+05  0.275014898265948E+06
0.109999999999987E-06 0.167899999999980E+03  0.235068513851851E+05  0.276994616909361E+06
0.111999999999986E-06 0.170879999999980E+03  0.250895115186391E+05  0.277200549240000E+06
0.113999999999986E-06 0.173859999999979E+03  0.219054022069277E+05  0.273868730520729E+06
0.115999999999986E-06 0.176839999999978E+03  0.236457130434420E+05  0.272952960298359E+06
0.117999999999985E-06 0.179819999999978E+03  0.263747577700267E+05  0.270478967348094E+06
0.119999999999986E-06 0.182799999999979E+03  0.244395516966744E+05  0.269060076805623E+06
0.121999999999988E-06 0.185779999999982E+03  0.266832682969357E+05  0.272195469302999E+06
0.123999999999990E-06 0.188759999999986E+03  0.256502117752437E+05  0.274057160940340E+06
0.125999999999993E-06 0.191739999999989E+03  0.229973266155658E+05  0.273688747311413E+06
0.127999999999995E-06 0.194719999999992E+03  0.256714375368813E+05  0.275376780326572E+06
0.129999999999997E-06 0.197699999999996E+03  0.234652094262857E+05  0.272371550542073E+06
0.131999999999999E-06 0.200679999999999E+03  0.307525529624072E+05  0.269561946275486E+06
0.134000000000002E-06 0.203660000000003E+03  0.241248563356111E+05  0.269385093130029E+06
0.136000000000004E-06 0.206640000000006E+03  0.278677393188118E+05  0.271082865240862E+06
0.138000000000006E-06 0.209620000000009E+03  0.259908788488638E+05  0.268051739057192E+06
0.140000000000009E-06 0.212600000000013E+03  0.264658333989860E+05  0.261193688744255E+06
0.142000000000011E-06 0.215580000000016E+03  0.292462602072099E+05  0.269537870163163E+06
0.144000000000013E-06 0.218560000000019E+03  0.211841660609801E+05  0.268631072110300E+06
0.146000000000015E-06 0.221540000000023E+03  0.238695278697879E+05  0.263204094791879E+06
0.148000000000018E-06 0.224520000000026E+03  0.266771650424467E+05  0.263172208547337E+06
0.150000000000020E-06 0.227500000000030E+03  0.297212202367161E+05  0.262449553624729E+06
0.152000000000022E-06 0.230480000000033E+03  0.291029674300900E+05  0.262175490883858E+06
0.154000000000024E-06 0.233460000000036E+03  0.336313319791421E+05  0.259268834723929E+06
0.156000000000027E-06 0.236440000000040E+03  0.293586964173191E+05  0.257617707780935E+06
0.158000000000029E-06 0.239420000000043E+03  0.317220298408303E+05  0.256012080708671E+06
0.160000000000031E-06 0.242400000000046E+03  0.351963034649192E+05  0.255553467938508E+06
0.162000000000033E-06 0.245380000000050E+03  0.359512105482146E+05  0.247751242548802E+06
0.164000000000036E-06 0.248360000000053E+03  0.348278800703462E+05  0.247387275456769E+06
0.166000000000038E-06 0.251340000000057E+03  0.330888889353154E+05  0.245134629149169E+06
0.168000000000040E-06 0.254320000000060E+03  0.336210751386445E+05  0.243846581180839E+06
0.170000000000043E-06 0.257300000000063E+03  0.337632689057956E+05  0.244261355654967E+06
0.172000000000045E-06 0.260280000000067E+03  0.385788809141777E+05  0.234962004383720E+06
0.174000000000047E-06 0.263260000000070E+03  0.410417085617923E+05  0.232353034858389E+06
0.176000000000049E-06 0.266240000000074E+03  0.316474448297635E+05  0.229312821921216E+06
0.178000000000052E-06 0.269220000000077E+03  0.394679231534904E+05  0.225935536882127E+06
0.180000000000054E-06 0.272200000000080E+03  0.369268015750212E+05  0.224674219046651E+06
0.182000000000056E-06 0.275180000000084E+03  0.377351624899762E+05  0.217888177966904E+06
0.184000000000058E-06 0.278160000000087E+03  0.450401504392559E+05  0.218693699414495E+06
0.186000000000061E-06 0.281140000000090E+03  0.435073227518138E+05  0.213737289351656E+06
0.188000000000063E-06 0.284120000000094E+03  0.515747413237490E+05  0.211269844109933E+06
0.190000000000065E-06 0.287100000000097E+03  0.471624893684612E+05  0.207371939865276E+06
0.192000000000067E-06 0.290080000000101E+03  0.400097205995392E+05  0.204264691343685E+06
0.194000000000070E-06 0.293060000000104E+03  0.555083287404993E+05  0.198333687313833E+06
0.196000000000072E-06 0.296040000000107E+03  0.507036657817582E+05  0.196580381735072E+06
0.198000000000074E-06 0.299020000000111E+03  0.603762447668024E+05  0.192763704495291E+06
0.200000000000077E-06 0.302000000000114E+03  0.561318276418849E+05  0.185475415203704E+06
0.202000000000079E-06 0.304980000000117E+03  0.591069082634589E+05  0.181543968092211E+06
0.204000000000081E-06 0.307960000000121E+03  0.539660916149299E+05  0.173605993349182E+06
0.206000000000083E-06 0.310940000000124E+03  0.571727866023430E+05  0.176317658117961E+06
0.208000000000086E-06 0.313920000000128E+03  0.511611615238074E+05  0.168783617640764E+06
0.210000000000088E-06 0.316900000000131E+03  0.527375155128527E+05  0.163706072492874E+06
0.212000000000090E-06 0.319880000000134E+03  0.590115437272145E+05  0.158857999889361E+06
0.214000000000092E-06 0.322860000000138E+03  0.556390897791109E+05  0.156237728110506E+06
0.216000000000095E-06 0.325840000000141E+03  0.599178372399464E+05  0.151388146534765E+06
0.218000000000097E-06 0.328820000000144E+03  0.603302356835831E+05  0.150648488790455E+06
0.220000000000099E-06 0.331800000000148E+03  0.588273912299344E+05  0.142773563858009E+06
0.222000000000101E-06 0.334780000000151E+03  0.553413157650074E+05  0.140257135205591E+06
0.224000000000104E-06 0.337760000000155E+03  0.512686122563256E+05  0.130291979104158E+06
0.226000000000106E-06 0.340740000000158E+03  0.577685608736864E+05  0.130719038735154E+06
0.228000000000108E-06 0.343720000000161E+03  0.538054920391439E+05  0.126868415597515E+06
0.230000000000111E-06 0.346700000000165E+03  0.573821273334688E+05  0.115667542478557E+06
0.232000000000113E-06 0.349680000000168E+03  0.590916171337381E+05  0.108408586326487E+06
0.234000000000115E-06 0.352660000000171E+03  0.500745532137269E+05  0.101884069325255E+06
0.236000000000117E-06 0.355640000000175E+03  0.557082304035272E+05  0.100052510981292E+06
0.238000000000120E-06 0.358620000000178E+03  0.523541179857971E+05  0.899298301223677E+05
0.240000000000122E-06 0.361600000000182E+03  0.496150241717491E+05  0.105397199423504E+06
0.242000000000124E-06 0.364580000000185E+03  0.523066486644909E+05  0.980289106514909E+05
0.244000000000126E-06 0.367560000000188E+03  0.600561002884810E+05  0.874910838404883E+05
0.246000000000129E-06 0.370540000000192E+03  0.557574896546874E+05  0.874420051808384E+05
0.248000000000131E-06 0.373520000000195E+03  0.533441993785349E+05  0.849772261303918E+05
0.250000000000133E-06 0.376500000000198E+03  0.625333786796628E+05  0.768263390586401E+05
0.252000000000136E-06 0.379480000000202E+03  0.603998235592962E+05  0.809624031652632E+05
0.254000000000138E-06 0.382460000000205E+03  0.715815506859242E+05  0.704139225941042E+05
0.256000000000140E-06 0.385440000000209E+03  0.665330570242088E+05  0.733237162852575E+05
0.258000000000142E-06 0.388420000000212E+03  0.729582559344765E+05  0.589832482246753E+05
0.260000000000145E-06 0.391400000000215E+03  0.686524631631674E+05  0.748283983315030E+05
0.262000000000147E-06 0.394380000000219E+03  0.684726208605936E+05  0.720012269061780E+05
0.264000000000149E-06 0.397360000000222E+03  0.696490319398414E+05  0.694058002642979E+05
0.266000000000151E-06 0.400340000000226E+03  0.650807053723777E+05  0.656341282382952E+05
0.268000000000154E-06 0.403320000000229E+03  0.545566420351006E+05  0.786169285490450E+05
0.270000000000156E-06 0.406300000000232E+03  0.582179022065086E+05  0.597162846463619E+05
0.272000000000158E-06 0.409280000000236E+03  0.502193250018200E+05  0.584850842048956E+05
0.274000000000160E-06 0.412260000000239E+03  0.581130938252123E+05  0.553238066822370E+05
0.276000000000163E-06 0.415240000000243E+03  0.555948409691972E+05  0.481017449577138E+05
0.278000000000165E-06 0.418220000000246E+03  0.507018350759533E+05  0.427024531839571E+05
0.280000000000167E-06 0.421200000000249E+03  0.569785788203672E+05  0.347593847873129E+05
0.282000000000170E-06 0.424180000000253E+03  0.533886215625213E+05  0.431914405433447E+05
0.284000000000172E-06 0.427160000000256E+03  0.623010734989420E+05  0.397866310968801E+05
0.286000000000174E-06 0.430140000000259E+03  0.471413375287419E+05  0.523498473077342E+05
0.288000000000176E-06 0.433120000000263E+03  0.542931366310925E+05  0.527390079608270E+05
0.290000000000179E-06 0.436100000000266E+03  0.654103357180658E+05  0.567270471170168E+05
0.292000000000181E-06 0.439080000000269E+03  0.617583364090800E+05  0.490365414612006E+05
0.294000000000183E-06 0.442060000000273E+03  0.576470802616011E+05  0.539453625870505E+05
0.296000000000185E-06 0.445040000000276E+03  0.672611656616645E+05  0.530703790833265E+05
0.298000000000188E-06 0.448020000000280E+03  0.705711700776104E+05  0.561076720145194E+05
0.300000000000190E-06 0.451000000000283E+03  0.655395950229768E+05  0.595910850156137E+05
0.302000000000192E-06 0.453980000000286E+03  0.696100435780454E+05  0.647673277415288E+05
0.304000000000194E-06 0.456960000000290E+03  0.583094942160264E+05  0.538743560860999E+05
0.306000000000197E-06 0.459940000000293E+03  0.550302667045138E+05  0.435568721984122E+05
0.308000000000199E-06 0.462920000000297E+03  0.624348381909133E+05  0.433093800942808E+05
0.310000000000201E-06 0.465900000000300E+03  0.576758302444419E+05  0.436411022153487E+05
0.312000000000204E-06 0.468880000000303E+03  0.616424958784844E+05  0.476187347020357E+05
0.314000000000206E-06 0.471860000000307E+03  0.565340964938670E+05  0.394313927183674E+05
0.316000000000208E-06 0.474840000000310E+03  0.578571757289480E+05  0.298371620208922E+05
0.318000000000210E-06 0.477820000000313E+03  0.566963443978818E+05  0.376767210768364E+05
0.320000000000213E-06 0.480800000000317E+03  0.611078063456748E+05  0.309519352083257E+05
0.322000000000215E-06 0.483780000000320E+03  0.431470082217366E+05  0.443136480447842E+05
0.324000000000217E-06 0.486760000000324E+03  0.391671149729848E+05  0.501651628030531E+05
0.326000000000219E-06 0.489740000000327E+03  0.381767057036836E+05  0.511452135398681E+05
0.328000000000222E-06 0.492720000000330E+03  0.347069594233492E+05  0.626096397743129E+05
0.330000000000224E-06 0.495700000000334E+03  0.330659808582230E+05  0.557666564771599E+05
0.332000000000226E-06 0.498680000000337E+03  0.339038723270300E+05  0.515798420567970E+05
0.334000000000228E-06 0.501660000000340E+03  0.364944807713468E+05  0.414427987116657E+05
0.336000000000231E-06 0.504640000000344E+03  0.459135863863131E+05  0.456534031656779E+05
0.338000000000233E-06 0.507620000000347E+03  0.316818860277465E+05  0.453663133329428E+05
0.340000000000235E-06 0.510600000000351E+03  0.365662397327497E+05  0.463486672796030E+05
0.342000000000238E-06 0.513580000000354E+03  0.327870973236531E+05  0.514819892537268E+05
0.344000000000240E-06 0.516560000000357E+03  0.405956119937062E+05  0.506080179677690E+05
0.346000000000242E-06 0.519540000000361E+03  0.469778686617427E+05  0.576423645226060E+05
0.348000000000244E-06 0.522520000000364E+03  0.507672642009544E+05  0.464143103420153E+05
0.350000000000247E-06 0.525500000000368E+03  0.469522460060000E+05  0.445910525794447E+05
0.352000000000249E-06 0.528480000000371E+03  0.421062043865634E+05  0.458044934530172E+05
0.354000000000251E-06 0.531460000000374E+03  0.533340101084775E+05  0.327766193914952E+05
0.356000000000253E-06 0.534440000000378E+03  0.552197631588493E+05  0.362116541062503E+05
0.358000000000256E-06 0.537420000000381E+03  0.605516619754442E+05  0.322503453722496E+05
0.360000000000258E-06 0.540400000000384E+03  0.512376447440236E+05  0.450362841559609E+05
0.362000000000260E-06 0.543380000000388E+03  0.439545512536914E+05  0.495431475414599E+05
0.364000000000263E-06 0.546360000000391E+03  0.461413649477895E+05  0.332243126462315E+05
0.366000000000265E-06 0.549340000000395E+03  0.524060210881637E+05  0.394638544620980E+05
0.368000000000267E-06 0.552320000000398E+03  0.531751199499133E+05  0.418400567692474E+05
0.370000000000269E-06 0.555300000000401E+03  0.393347250679253E+05  0.441931898852210E+05
0.372000000000272E-06 0.558280000000405E+03  0.347336349103125E+05  0.375958200684861E+05
0.374000000000274E-06 0.561260000000408E+03  0.304894734137114E+05  0.419683597012130E+05
0.376000000000276E-06 0.564240000000411E+03  0.358974528296168E+05  0.408283159641249E+05
0.378000000000278E-06 0.567220000000415E+03  0.312219511913596E+05  0.436087269093818E+05
0.380000000000281E-06 0.570200000000418E+03  0.283937610552638E+05  0.275772771733225E+05
0.382000000000283E-06 0.573180000000422E+03  0.258009555491153E+05  0.359484756009505E+05
0.384000000000285E-06 0.576160000000425E+03  0.343755211215613E+05  0.393570177779923E+05
0.386000000000287E-06 0.579140000000428E+03  0.440539181379335E+05  0.361262172552582E+05
0.388000000000290E-06 0.582120000000432E+03  0.369323194881321E+05  0.302932360169460E+05
0.390000000000292E-06 0.585100000000435E+03  0.354747024485162E+05  0.451909170288081E+05
0.392000000000294E-06 0.588080000000439E+03  0.369473038385361E+05  0.243771318185830E+05
0.394000000000297E-06 0.591060000000442E+03  0.453645709350706E+05  0.331750538604843E+05
0.396000000000299E-06 0.594040000000445E+03  0.426983406714744E+05  0.484951158910324E+05
0.398000000000301E-06 0.597020000000449E+03  0.407322893801454E+05  0.466559211959503E+05
0.400000000000303E-06 0.600000000000452E+03  0.397936859371217E+05  0.389495583994427E+05
