#                t(s)                  T(K)             M_ZFC(A/m)              M_FC(A/m)
0.200000000000000E-08 0.698000000000000E+01  0.825319305740327E+04  0.290290698525991E+06
0.400000000000002E-08 0.996000000000003E+01  0.896298002082909E+04  0.290397572318986E+06
0.599999999999997E-08 0.129400000000000E+02  0.738142636562254E+04  0.289438908477448E+06
0.799999999999992E-08 0.159199999999999E+02  0.800179530869801E+04  0.289835644967095E+06
0.999999999999988E-08 0.188999999999998E+02  0.825897192063413E+04  0.289285852676643E+06
0.119999999999998E-07 0.218799999999997E+02  0.742562739826027E+04  0.288665641763210E+06
0.139999999999998E-07 0.248599999999997E+02  0.873312316427048E+04  0.290376990323216E+06
0.159999999999999E-07 0.278399999999999E+02  0.776830570846289E+04  0.288927475980959E+06
0.180000000000002E-07 0.308200000000003E+02  0.762013479342458E+04  0.286638469868084E+06
0.200000000000005E-07 0.338000000000007E+02  0.896483447830902E+04  0.287242025551603E+06
0.220000000000008E-07 0.367800000000011E+02  0.743409874280993E+04  0.287724637316818E+06
0.240000000000010E-07 0.397600000000016E+02  0.818425741949056E+04  0.288833967506350E+06
0.260000000000013E-07 0.427400000000020E+02  0.886890282027323E+04  0.288104251262586E+06
0.280000000000016E-07 0.457200000000024E+02  0.764167019664060E+04  0.288233487098126E+06
0.300000000000018E-07 0.487000000000027E+02  0.877261831781544E+04  0.287620990120156E+06
0.320000000000014E-07 0.516800000000022E+02  0.848783522907795E+04  0.285162079691476E+06
0.340000000000011E-07 0.546600000000016E+02  0.835453732968219E+04  0.286585826087314E+06
0.360000000000007E-07 0.576400000000010E+02  0.861976914996647E+04  0.286032187401838E+06
0.380000000000003E-07 0.606200000000005E+02  0.816902283966918E+04  0.285429729238170E+06
0.399999999999999E-07 0.635999999999999E+02  0.932937067088040E+04  0.287235441453008E+06
0.419999999999995E-07 0.665799999999993E+02  0.824890586162072E+04  0.282879265825056E+06
0.439999999999992E-07 0.695599999999988E+02  0.942826437145114E+04  0.285117775728375E+06
0.459999999999988E-07 0.725399999999982E+02  0.832097170038397E+04  0.283371429478501E+06
0.479999999999984E-07 0.755199999999976E+02  0.824645361563541E+04  0.283902836366816E+06
0.499999999999980E-07 0.784999999999971E+02  0.742398931269503E+04  0.282979941794075E+06
0.519999999999977E-07 0.814799999999965E+02  0.117318787072148E+05  0.283711401055286E+06
0.539999999999973E-07 0.844599999999959E+02  0.918267903789056E+04  0.283581406820665E+06
0.559999999999969E-07 0.874399999999954E+02  0.111200444358498E+05  0.280864569177160E+06
0.579999999999965E-07 0.904199999999948E+02  0.952738543035818E+04  0.281934774037467E+06
0.599999999999961E-07 0.933999999999943E+02  0.112770250280925E+05  0.282315556695701E+06
0.619999999999958E-07 0.963799999999937E+02  0.860974201338189E+04  0.282745345004619E+06
0.639999999999954E-07 0.993599999999931E+02  0.116551247373615E+05  0.283177083356067E+06
0.659999999999950E-07 0.102339999999993E+03  0.527795943674276E+04  0.281602764488731E+06
0.679999999999946E-07 0.105319999999992E+03  0.986218373607479E+04  0.282383980723211E+06
0.699999999999942E-07 0.108299999999991E+03  0.804050523772282E+04  0.280073323155267E+06
0.719999999999939E-07 0.111279999999991E+03  0.983869374722680E+04  0.282573694146475E+06
0.739999999999935E-07 0.114259999999990E+03  0.740012325742418E+04  0.285386397564378E+06
0.759999999999931E-07 0.117239999999990E+03  0.553947715649597E+04  0.279237945502883E+06
0.779999999999927E-07 0.120219999999989E+03  0.976572326479994E+04  0.280149300254653E+06
0.799999999999924E-07 0.123199999999989E+03  0.639947437541275E+04  0.283011914430720E+06
0.819999999999920E-07 0.126179999999988E+03  0.615112465731378E+04  0.283010176983959E+06
0.839999999999916E-07 0.129159999999987E+03  0.919489510827384E+04  0.283908484336742E+06
0.859999999999912E-07 0.132139999999987E+03  0.115461713542602E+05  0.280949870173019E+06
0.879999999999908E-07 0.135119999999986E+03  0.949199281333648E+04  0.280293610872257E+06
0.899999999999905E-07 0.138099999999986E+03  0.920035648815181E+04  0.274853586323378E+06
0.919999999999901E-07 0.141079999999985E+03  0.798477029782088E+04  0.276816611950740E+06
0.939999999999897E-07 0.144059999999985E+03  0.102819958332056E+05  0.277306106099193E+06
0.959999999999893E-07 0.147039999999984E+03  0.862844221788446E+04  0.277506132183801E+06
0.979999999999889E-07 0.150019999999984E+03  0.911364495928499E+04  0.278035874153667E+06
0.999999999999886E-07 0.152999999999983E+03  0.714725475164431E+04  0.277128431984205E+06
0.101999999999988E-06 0.155979999999982E+03  0.133121614860421E+05  0.273409325953066E+06
0.103999999999988E-06 0.158959999999982E+03  0.112176989476395E+05  0.275357020841301E+06
0.105999999999987E-06 0.161939999999981E+03  0.981992945625039E+04  0.275812575788438E+06
0.107999999999987E-06 0.164919999999981E+03  0.945696453229199E+04  0.278563063420448E+06
0.109999999999987E-06 0.167899999999980E+03  0.628416849178377E+04  0.276981687471807E+06
0.111999999999986E-06 0.170879999999980E+03  0.701246399711868E+04  0.277466345104852E+06
0.113999999999986E-06 0.173859999999979E+03  0.691260455004192E+04  0.274753730906314E+06
0.115999999999986E-06 0.176839999999978E+03  0.118212823604925E+05  0.276121444270331E+06
0.117999999999985E-06 0.179819999999978E+03  0.138829807308990E+05  0.273671590283983E+06
0.119999999999986E-06 0.182799999999979E+03  0.115614780582698E+05  0.274972521284180E+06
0.121999999999988E-06 0.185779999999982E+03  0.158959160568107E+05  0.272881403663245E+06
0.123999999999990E-06 0.188759999999986E+03  0.126909194219632E+05  0.269012499609557E+06
0.125999999999993E-06 0.191739999999989E+03  0.128201030377134E+05  0.269892990055949E+06
0.127999999999995E-06 0.194719999999992E+03  0.114313583088895E+05  0.271239658165340E+06
0.129999999999997E-06 0.197699999999996E+03  0.141309744981707E+05  0.263565585676800E+06
0.131999999999999E-06 0.200679999999999E+03  0.119404875068657E+05  0.268795573607344E+06
0.134000000000002E-06 0.203660000000003E+03  0.487602755700715E+04  0.265004820425885E+06
0.136000000000004E-06 0.206640000000006E+03  0.134469749345071E+05  0.263001482542802E+06
0.138000000000006E-06 0.209620000000009E+03  0.142571085520553E+05  0.265207354564241E+06
0.140000000000009E-06 0.212600000000013E+03  0.135793983497658E+05  0.270339014938558E+06
0.142000000000011E-06 0.215580000000016E+03  0.141847279167766E+05  0.266670680395942E+06
0.144000000000013E-06 0.218560000000019E+03  0.195485535194552E+05  0.261420733420657E+06
0.146000000000015E-06 0.221540000000023E+03  0.212917394361655E+05  0.259609983397487E+06
0.148000000000018E-06 0.224520000000026E+03  0.235880182397951E+05  0.262294237016735E+06
0.150000000000020E-06 0.227500000000030E+03  0.194659252652057E+05  0.253178873779800E+06
0.152000000000022E-06 0.230480000000033E+03  0.189400198728242E+05  0.255775566715058E+06
0.154000000000024E-06 0.233460000000036E+03  0.253506660654734E+05  0.256284313262613E+06
0.156000000000027E-06 0.236440000000040E+03  0.263191933834605E+05  0.252887447661257E+06
0.158000000000029E-06 0.239420000000043E+03  0.210152876055112E+05  0.250611081790531E+06
0.160000000000031E-06 0.242400000000046E+03  0.299653706328606E+05  0.250185136589321E+06
0.162000000000033E-06 0.245380000000050E+03  0.278106740606070E+05  0.248878487289778E+06
0.164000000000036E-06 0.248360000000053E+03  0.265153954671132E+05  0.241787397318061E+06
0.166000000000038E-06 0.251340000000057E+03  0.330693589923740E+05  0.242916408974453E+06
0.168000000000040E-06 0.254320000000060E+03  0.312251353622723E+05  0.240477939786123E+06
0.170000000000043E-06 0.257300000000063E+03  0.294316682739208E+05  0.236249781793934E+06
0.172000000000045E-06 0.260280000000067E+03  0.374180034876033E+05  0.235078575121622E+06
0.174000000000047E-06 0.263260000000070E+03  0.416478391429318E+05  0.228202612023862E+06
0.176000000000049E-06 0.266240000000074E+03  0.344346224645315E+05  0.221841551170417E+06
0.178000000000052E-06 0.269220000000077E+03  0.334605821409482E+05  0.221806596429168E+06
0.180000000000054E-06 0.272200000000080E+03  0.311320069600486E+05  0.216350900304627E+06
0.182000000000056E-06 0.275180000000084E+03  0.388310518217297E+05  0.212645576678992E+06
0.184000000000058E-06 0.278160000000087E+03  0.354849207251302E+05  0.206010158717756E+06
0.186000000000061E-06 0.281140000000090E+03  0.349615392804177E+05  0.214209138656429E+06
0.188000000000063E-06 0.284120000000094E+03  0.373515173212359E+05  0.206304940199835E+06
0.190000000000065E-06 0.287100000000097E+03  0.391360433721737E+05  0.201920708253578E+06
0.192000000000067E-06 0.290080000000101E+03  0.389249608320402E+05  0.196451041659980E+06
0.194000000000070E-06 0.293060000000104E+03  0.355815727488689E+05  0.195944372086034E+06
0.196000000000072E-06 0.296040000000107E+03  0.431407811581451E+05  0.186609568963775E+06
0.198000000000074E-06 0.299020000000111E+03  0.401835177286434E+05  0.186657680599509E+06
0.200000000000077E-06 0.302000000000114E+03  0.427001827016214E+05  0.186912376274554E+06
0.202000000000079E-06 0.304980000000117E+03  0.447614822564078E+05  0.185601654200612E+06
0.204000000000081E-06 0.307960000000121E+03  0.459468855750843E+05  0.174353105285520E+06
0.206000000000083E-06 0.310940000000124E+03  0.395245384900729E+05  0.170134846448178E+06
0.208000000000086E-06 0.313920000000128E+03  0.471087150719591E+05  0.172942697749047E+06
0.210000000000088E-06 0.316900000000131E+03  0.456735300800645E+05  0.169486351651931E+06
0.212000000000090E-06 0.319880000000134E+03  0.494040711976971E+05  0.158779576164329E+06
0.214000000000092E-06 0.322860000000138E+03  0.501853146256902E+05  0.147672999245042E+06
0.216000000000095E-06 0.325840000000141E+03  0.397041222739403E+05  0.142781455015401E+06
0.218000000000097E-06 0.328820000000144E+03  0.578139164215729E+05  0.140386186114920E+06
0.220000000000099E-06 0.331800000000148E+03  0.549999417452216E+05  0.145040213461532E+06
0.222000000000101E-06 0.334780000000151E+03  0.550745877128843E+05  0.139321688352011E+06
0.224000000000104E-06 0.337760000000155E+03  0.529880093474268E+05  0.129352974947081E+06
0.226000000000106E-06 0.340740000000158E+03  0.528236769451133E+05  0.124210343718191E+06
0.228000000000108E-06 0.343720000000161E+03  0.551828594180832E+05  0.109435223364572E+06
0.230000000000111E-06 0.346700000000165E+03  0.539200608391705E+05  0.112647888243354E+06
0.232000000000113E-06 0.349680000000168E+03  0.447877733846068E+05  0.114242405743533E+06
0.234000000000115E-06 0.352660000000171E+03  0.422855239184906E+05  0.113465697081896E+06
0.236000000000117E-06 0.355640000000175E+03  0.440482511592056E+05  0.107854763397873E+06
0.238000000000120E-06 0.358620000000178E+03  0.400848671653408E+05  0.105157550524394E+06
0.240000000000122E-06 0.361600000000182E+03  0.585920213791363E+05  0.104950318954803E+06
0.242000000000124E-06 0.364580000000185E+03  0.579305399668196E+05  0.983919567879752E+05
0.244000000000126E-06 0.367560000000188E+03  0.591155068847419E+05  0.968645723463891E+05
0.246000000000129E-06 0.370540000000192E+03  0.605299676764462E+05  0.837338465443305E+05
0.248000000000131E-06 0.373520000000195E+03  0.649586601017736E+05  0.856856550640492E+05
0.250000000000133E-06 0.376500000000198E+03  0.631782325300681E+05  0.647348818643248E+05
0.252000000000136E-06 0.379480000000202E+03  0.633611478278053E+05  0.752189544354524E+05
0.254000000000138E-06 0.382460000000205E+03  0.567303745207619E+05  0.769937107566020E+05
0.256000000000140E-06 0.385440000000209E+03  0.491406985402389E+05  0.822781562456369E+05
0.258000000000142E-06 0.388420000000212E+03  0.543315907241671E+05  0.732111031400216E+05
0.260000000000145E-06 0.391400000000215E+03  0.493674009869771E+05  0.743131156805879E+05
0.262000000000147E-06 0.394380000000219E+03  0.448784359831363E+05  0.876560163946919E+05
0.264000000000149E-06 0.397360000000222E+03  0.401706866137206E+05  0.807397633552174E+05
0.266000000000151E-06 0.400340000000226E+03  0.485534254934103E+05  0.940932421734627E+05
0.268000000000154E-06 0.403320000000229E+03  0.489015256152648E+05  0.799203814614248E+05
0.270000000000156E-06 0.406300000000232E+03  0.564399189072828E+05  0.838913743014240E+05
0.272000000000158E-06 0.409280000000236E+03  0.581824280141916E+05  0.745415220164287E+05
0.274000000000160E-06 0.412260000000239E+03  0.614941719021574E+05  0.772481964388734E+05
0.276000000000163E-06 0.415240000000243E+03  0.656673260808321E+05  0.830715023374682E+05
0.278000000000165E-06 0.418220000000246E+03  0.641899190586361E+05  0.744455182079177E+05
0.280000000000167E-06 0.421200000000249E+03  0.625918269195138E+05  0.655907141863429E+05
0.282000000000170E-06 0.424180000000253E+03  0.721842618211883E+05  0.679870517658866E+05
0.284000000000172E-06 0.427160000000256E+03  0.715144961215979E+05  0.613763166386913E+05
0.286000000000174E-06 0.430140000000259E+03  0.665475272314490E+05  0.628515110451288E+05
0.288000000000176E-06 0.433120000000263E+03  0.670718965769518E+05  0.614405456446788E+05
0.290000000000179E-06 0.436100000000266E+03  0.715668341275045E+05  0.557557018234286E+05
0.292000000000181E-06 0.439080000000269E+03  0.692262526359221E+05  0.545797532059997E+05
0.294000000000183E-06 0.442060000000273E+03  0.674893842678969E+05  0.657876190647941E+05
0.296000000000185E-06 0.445040000000276E+03  0.718424341502198E+05  0.587464604910126E+05
0.298000000000188E-06 0.448020000000280E+03  0.666988314141256E+05  0.486076240641284E+05
0.300000000000190E-06 0.451000000000283E+03  0.707933635388981E+05  0.435549748633074E+05
0.302000000000192E-06 0.453980000000286E+03  0.666508294875926E+05  0.520654645760931E+05
0.304000000000194E-06 0.456960000000290E+03  0.676011573359115E+05  0.399275329332953E+05
0.306000000000197E-06 0.459940000000293E+03  0.585540809378120E+05  0.521263196803692E+05
0.308000000000199E-06 0.462920000000297E+03  0.572499534703670E+05  0.556535013497409E+05
0.310000000000201E-06 0.465900000000300E+03  0.510983438100102E+05  0.497141826818490E+05
0.312000000000204E-06 0.468880000000303E+03  0.492531673353574E+05  0.578958143203086E+05
0.314000000000206E-06 0.471860000000307E+03  0.411314103457111E+05  0.627005391223475E+05
0.316000000000208E-06 0.474840000000310E+03  0.504820006808622E+05  0.452121411132162E+05
0.318000000000210E-06 0.477820000000313E+03  0.539049157854053E+05  0.452834559910941E+05
0.320000000000213E-06 0.480800000000317E+03  0.631953777908930E+05  0.411915962253088E+05
0.322000000000215E-06 0.483780000000320E+03  0.567480920377815E+05  0.435408243465998E+05
0.324000000000217E-06 0.486760000000324E+03  0.519711903039969E+05  0.351991829784956E+05
0.326000000000219E-06 0.489740000000327E+03  0.516549484882918E+05  0.427762081017618E+05
0.328000000000222E-06 0.492720000000330E+03  0.487997495493274E+05  0.470753476727878E+05
0.330000000000224E-06 0.495700000000334E+03  0.486251407906924E+05  0.385371708242417E+05
0.332000000000226E-06 0.498680000000337E+03  0.458363790885042E+05  0.434279460494065E+05
0.334000000000228E-06 0.501660000000340E+03  0.454967679359562E+05  0.422357603236386E+05
0.336000000000231E-06 0.504640000000344E+03  0.395788210580362E+05  0.371958643509672E+05
0.338000000000233E-06 0.507620000000347E+03  0.419621817635616E+05  0.416465662112746E+05
0.340000000000235E-06 0.510600000000351E+03  0.367037678962581E+05  0.472222489602841E+05
0.342000000000238E-06 0.513580000000354E+03  0.392922682639783E+05  0.561506929694854E+05
0.344000000000240E-06 0.516560000000357E+03  0.348460567815402E+05  0.476976692946285E+05
0.346000000000242E-06 0.519540000000361E+03  0.314977596791429E+05  0.488429093514445E+05
0.348000000000244E-06 0.522520000000364E+03  0.176957312515913E+05  0.511543135692842E+05
0.350000000000247E-06 0.525500000000368E+03  0.253424800598922E+05  0.432198845177404E+05
0.352000000000249E-06 0.528480000000371E+03  0.368443633801858E+05  0.525050603642491E+05
0.354000000000251E-06 0.531460000000374E+03  0.524898862225116E+05  0.387277182362245E+05
0.356000000000253E-06 0.534440000000378E+03  0.489045687369638E+05  0.447506388645325E+05
0.358000000000256E-06 0.537420000000381E+03  0.468374360594719E+05  0.414411969375832E+05
0.360000000000258E-06 0.540400000000384E+03  0.461137058966006E+05  0.463963082839864E+05
0.362000000000260E-06 0.543380000000388E+03  0.431300137993219E+05  0.477192915316693E+05
0.364000000000263E-06 0.546360000000391E+03  0.345170307330990E+05  0.435897279026176E+05
0.366000000000265E-06 0.549340000000395E+03  0.349460693728935E+05  0.254662242938648E+05
0.368000000000267E-06 0.552320000000398E+03  0.437681518882254E+05  0.330424499826321E+05
0.370000000000269E-06 0.555300000000401E+03  0.427223518290589E+05  0.404580461637446E+05
0.372000000000272E-06 0.558280000000405E+03  0.334497865670424E+05  0.399719545003895E+05
0.374000000000274E-06 0.561260000000408E+03  0.290313014305542E+05  0.253301738888120E+05
0.376000000000276E-06 0.564240000000411E+03  0.447308682927720E+05  0.285307707542526E+05
0.378000000000278E-06 0.567220000000415E+03  0.478012569933236E+05  0.232119326281392E+05
0.380000000000281E-06 0.570200000000418E+03  0.404485159553131E+05  0.292181213488663E+05
0.382000000000283E-06 0.573180000000422E+03  0.593419525348998E+05  0.366572309070589E+05
0.384000000000285E-06 0.576160000000425E+03  0.636043173331914E+05  0.488298471151833E+05
0.386000000000287E-06 0.579140000000428E+03  0.550246237313641E+05  0.523180910541815E+05
0.388000000000290E-06 0.582120000000432E+03  0.571172345763523E+05  0.389395787174834E+05
0.390000000000292E-06 0.585100000000435E+03  0.488036526964923E+05  0.560625394179737E+05
0.392000000000294E-06 0.588080000000439E+03  0.393722276341214E+05  0.491064842278892E+05
0.394000000000297E-06 0.591060000000442E+03  0.277130843417626E+05  0.351887152917947E+05
0.396000000000299E-06 0.594040000000445E+03  0.362564324549078E+05  0.333105715612505E+05
0.398000000000301E-06 0.597020000000449E+03  0.312705689643421E+05  0.491959250328657E+05
0.400000000000303E-06 0.600000000000452E+03  0.480686184690777E+05  0.367634257719724E+05
