#                t(s)                  T(K)             M_ZFC(A/m)              M_FC(A/m)
0.200000000000000E-08 0.698000000000000E+01  0.899055600888429E+04  0.299070154418566E+06
0.400000000000002E-08 0.996000000000003E+01  0.869833462722488E+04  0.298090179494252E+06
0.599999999999997E-08 0.129400000000000E+02  0.771312808656174E+04  0.296962422341480E+06
0.799999999999992E-08 0.159199999999999E+02  0.851935521475246E+04  0.297483681082580E+06
0.999999999999988E-08 0.188999999999998E+02  0.778016805869381E+04  0.298709093931610E+06
0.119999999999998E-07 0.218799999999997E+02  0.828443291280073E+04  0.298124404710421E+06
0.139999999999998E-07 0.248599999999997E+02  0.979853454031664E+04  0.295812512403624E+06
0.159999999999999E-07 0.278399999999999E+02  0.934744299694513E+04  0.297014301551804E+06
0.180000000000002E-07 0.308200000000003E+02  0.901931787857814E+04  0.297797199021746E+06
0.200000000000005E-07 0.338000000000007E+02  0.953379034382915E+04  0.297429879671899E+06
0.220000000000008E-07 0.367800000000011E+02  0.920746492423194E+04  0.295941011136491E+06
0.240000000000010E-07 0.397600000000016E+02  0.872594352381873E+04  0.297742677906312E+06
0.260000000000013E-07 0.427400000000020E+02  0.821604329494670E+04  0.294753570513686E+06
0.280000000000016E-07 0.457200000000024E+02  0.955859307691093E+04  0.295069304373261E+06
0.300000000000018E-07 0.487000000000027E+02  0.985832414528954E+04  0.294869702490668E+06
0.320000000000014E-07 0.516800000000022E+02  0.672623428035281E+04  0.295927228834416E+06
0.340000000000011E-07 0.546600000000016E+02  0.102314579212929E+05  0.296088972793462E+06
0.360000000000007E-07 0.576400000000010E+02  0.963021715013839E+04  0.294832918022154E+06
0.380000000000003E-07 0.606200000000005E+02  0.722587005816589E+04  0.292637589369646E+06
0.399999999999999E-07 0.635999999999999E+02  0.836833692014642E+04  0.295763895991183E+06
0.419999999999995E-07 0.665799999999993E+02  0.998304646111475E+04  0.292631809915354E+06
0.439999999999992E-07 0.695599999999988E+02  0.111815029827595E+05  0.293641101592739E+06
0.459999999999988E-07 0.725399999999982E+02  0.105867048883394E+05  0.293380287012601E+06
0.479999999999984E-07 0.755199999999976E+02  0.855983661358281E+04  0.294908975634729E+06
0.499999999999980E-07 0.784999999999971E+02  0.118268416481457E+05  0.291365720760283E+06
0.519999999999977E-07 0.814799999999965E+02  0.671284826045753E+04  0.293832852703393E+06
0.539999999999973E-07 0.844599999999959E+02  0.113800579715318E+05  0.291289542211197E+06
0.559999999999969E-07 0.874399999999954E+02  0.116249151918762E+05  0.290795055088361E+06
0.579999999999965E-07 0.904199999999948E+02  0.891905057604593E+04  0.289326611959827E+06
0.599999999999961E-07 0.933999999999943E+02  0.101006234282234E+05  0.292535308341905E+06
0.619999999999958E-07 0.963799999999937E+02  0.109728108478429E+05  0.290169022584119E+06
0.639999999999954E-07 0.993599999999931E+02  0.889713072009696E+04  0.289409713806829E+06
0.659999999999950E-07 0.102339999999993E+03  0.805721740203521E+04  0.286120910366136E+06
0.679999999999946E-07 0.105319999999992E+03  0.860480280545087E+04  0.293859980983958E+06
0.699999999999942E-07 0.108299999999991E+03  0.696045336822922E+04  0.289848075821660E+06
0.719999999999939E-07 0.111279999999991E+03  0.905321008568742E+04  0.287810199546707E+06
0.739999999999935E-07 0.114259999999990E+03  0.993352652835304E+04  0.290323326925980E+06
0.759999999999931E-07 0.117239999999990E+03  0.709425801762815E+04  0.288232551589831E+06
0.779999999999927E-07 0.120219999999989E+03  0.980053019511457E+04  0.288668954803489E+06
0.799999999999924E-07 0.123199999999989E+03  0.404331209464374E+04  0.290972342900037E+06
0.819999999999920E-07 0.126179999999988E+03  0.956925295725779E+04  0.287851552152940E+06
0.839999999999916E-07 0.129159999999987E+03  0.102995292002102E+05  0.288371662119041E+06
0.859999999999912E-07 0.132139999999987E+03  0.112289732973712E+05  0.287777755825307E+06
0.879999999999908E-07 0.135119999999986E+03  0.972569848790147E+04  0.289609809108191E+06
0.899999999999905E-07 0.138099999999986E+03  0.454554631375785E+04  0.290781065768667E+06
0.919999999999901E-07 0.141079999999985E+03  0.974694515409606E+04  0.285613912038279E+06
0.939999999999897E-07 0.144059999999985E+03  0.115612125193731E+05  0.286944097651372E+06
0.959999999999893E-07 0.147039999999984E+03  0.107356111200869E+05  0.283012872988870E+06
0.979999999999889E-07 0.150019999999984E+03  0.865827158713202E+04  0.286376988327322E+06
0.999999999999886E-07 0.152999999999983E+03  0.128461415845993E+05  0.288713962061165E+06
0.101999999999988E-06 0.155979999999982E+03  0.606929909852627E+04  0.286152759667165E+06
0.103999999999988E-06 0.158959999999982E+03  0.831075036667241E+04  0.285635319088969E+06
0.105999999999987E-06 0.161939999999981E+03  0.837285075723509E+04  0.283538252893424E+06
0.107999999999987E-06 0.164919999999981E+03  0.131150829456985E+05  0.285682388829381E+06
0.109999999999987E-06 0.167899999999980E+03  0.143883538123110E+05  0.284671198522724E+06
0.111999999999986E-06 0.170879999999980E+03  0.109865204747023E+05  0.282535007395278E+06
0.113999999999986E-06 0.173859999999979E+03  0.990244590707882E+04  0.281427965027623E+06
0.115999999999986E-06 0.176839999999978E+03  0.157004086386249E+05  0.283236232301473E+06
0.117999999999985E-06 0.179819999999978E+03  0.649034381899086E+04  0.285295482623412E+06
0.119999999999986E-06 0.182799999999979E+03  0.818337271399899E+04  0.276256104323138E+06
0.121999999999988E-06 0.185779999999982E+03  0.109220026204098E+05  0.281231992817980E+06
0.123999999999990E-06 0.188759999999986E+03  0.936980016483683E+04  0.280119170966880E+06
0.125999999999993E-06 0.191739999999989E+03  0.996021583548734E+04  0.276708873024178E+06
0.127999999999995E-06 0.194719999999992E+03  0.166473636514444E+05  0.282037731207864E+06
0.129999999999997E-06 0.197699999999996E+03  0.929961399833775E+04  0.276046860055932E+06
0.131999999999999E-06 0.200679999999999E+03  0.109485146597278E+05  0.274774471105859E+06
0.134000000000002E-06 0.203660000000003E+03  0.108591659696815E+05  0.271977548616841E+06
0.136000000000004E-06 0.206640000000006E+03  0.109598905114892E+05  0.273459724022403E+06
0.138000000000006E-06 0.209620000000009E+03  0.107880329579596E+05  0.269561395228407E+06
0.140000000000009E-06 0.212600000000013E+03  0.124817196050725E+05  0.272118106811933E+06
0.142000000000011E-06 0.215580000000016E+03  0.172079884363375E+05  0.266799032496532E+06
0.144000000000013E-06 0.218560000000019E+03  0.179561844991111E+05  0.273020026808655E+06
0.146000000000015E-06 0.221540000000023E+03  0.184699285522568E+05  0.268286792399855E+06
0.148000000000018E-06 0.224520000000026E+03  0.197932132639053E+05  0.268546885092981E+06
0.150000000000020E-06 0.227500000000030E+03  0.138103453218194E+05  0.263261884141270E+06
0.152000000000022E-06 0.230480000000033E+03  0.171276724274077E+05  0.263163151457792E+06
0.154000000000024E-06 0.233460000000036E+03  0.178803246738973E+05  0.258479650166975E+06
0.156000000000027E-06 0.236440000000040E+03  0.172183149494429E+05  0.257555133002536E+06
0.158000000000029E-06 0.239420000000043E+03  0.255068826069720E+05  0.259980562288651E+06
0.160000000000031E-06 0.242400000000046E+03  0.294422566258554E+05  0.251465540394839E+06
0.162000000000033E-06 0.245380000000050E+03  0.261689202192273E+05  0.249466605472724E+06
0.164000000000036E-06 0.248360000000053E+03  0.274537884451645E+05  0.243626093261144E+06
0.166000000000038E-06 0.251340000000057E+03  0.221064163273815E+05  0.246172799425516E+06
0.168000000000040E-06 0.254320000000060E+03  0.244403517746809E+05  0.241909407561540E+06
0.170000000000043E-06 0.257300000000063E+03  0.294506572781395E+05  0.240449115307322E+06
0.172000000000045E-06 0.260280000000067E+03  0.265031680993476E+05  0.239744884814610E+06
0.174000000000047E-06 0.263260000000070E+03  0.238174344574756E+05  0.244094210145397E+06
0.176000000000049E-06 0.266240000000074E+03  0.353148726880754E+05  0.237660671809777E+06
0.178000000000052E-06 0.269220000000077E+03  0.333075571872930E+05  0.236638993463192E+06
0.180000000000054E-06 0.272200000000080E+03  0.366775463381917E+05  0.241743181339458E+06
0.182000000000056E-06 0.275180000000084E+03  0.340046236314516E+05  0.228151557871778E+06
0.184000000000058E-06 0.278160000000087E+03  0.306583499238160E+05  0.228729900142205E+06
0.186000000000061E-06 0.281140000000090E+03  0.380523710106169E+05  0.226389060136601E+06
0.188000000000063E-06 0.284120000000094E+03  0.355417499552522E+05  0.218179314387227E+06
0.190000000000065E-06 0.287100000000097E+03  0.363411758541039E+05  0.223797501084194E+06
0.192000000000067E-06 0.290080000000101E+03  0.358822286628701E+05  0.217375714588320E+06
0.194000000000070E-06 0.293060000000104E+03  0.363629492563798E+05  0.220672296953497E+06
0.196000000000072E-06 0.296040000000107E+03  0.484289892975408E+05  0.209273547541723E+06
0.198000000000074E-06 0.299020000000111E+03  0.434319231309591E+05  0.204415725483595E+06
0.200000000000077E-06 0.302000000000114E+03  0.374698005779470E+05  0.201007921080606E+06
0.202000000000079E-06 0.304980000000117E+03  0.394372539596366E+05  0.199105459695299E+06
0.204000000000081E-06 0.307960000000121E+03  0.387021800447076E+05  0.192948220679054E+06
0.206000000000083E-06 0.310940000000124E+03  0.446355181034585E+05  0.193813235049256E+06
0.208000000000086E-06 0.313920000000128E+03  0.374801043589911E+05  0.192269494044660E+06
0.210000000000088E-06 0.316900000000131E+03  0.337950182981223E+05  0.175633153964592E+06
0.212000000000090E-06 0.319880000000134E+03  0.413958141196057E+05  0.179567079676078E+06
0.214000000000092E-06 0.322860000000138E+03  0.415064810015689E+05  0.177679667914602E+06
0.216000000000095E-06 0.325840000000141E+03  0.420721657941942E+05  0.162973275270805E+06
0.218000000000097E-06 0.328820000000144E+03  0.460280268493392E+05  0.153652797222004E+06
0.220000000000099E-06 0.331800000000148E+03  0.506484834194384E+05  0.153069165557206E+06
0.222000000000101E-06 0.334780000000151E+03  0.454483546514704E+05  0.146963781991629E+06
0.224000000000104E-06 0.337760000000155E+03  0.492039013887032E+05  0.136083313117374E+06
0.226000000000106E-06 0.340740000000158E+03  0.465359580513364E+05  0.130647739278809E+06
0.228000000000108E-06 0.343720000000161E+03  0.519492233397610E+05  0.125277204956904E+06
0.230000000000111E-06 0.346700000000165E+03  0.486393331590486E+05  0.122802051478830E+06
0.232000000000113E-06 0.349680000000168E+03  0.511054329112936E+05  0.115957932519244E+06
0.234000000000115E-06 0.352660000000171E+03  0.438772108466799E+05  0.114044949577720E+06
0.236000000000117E-06 0.355640000000175E+03  0.444752224089498E+05  0.111139925394107E+06
0.238000000000120E-06 0.358620000000178E+03  0.466315179824733E+05  0.116361410105929E+06
0.240000000000122E-06 0.361600000000182E+03  0.564704643569297E+05  0.103492347561418E+06
0.242000000000124E-06 0.364580000000185E+03  0.688889031034328E+05  0.965849511895548E+05
0.244000000000126E-06 0.367560000000188E+03  0.647722879188683E+05  0.980852405930047E+05
0.246000000000129E-06 0.370540000000192E+03  0.666228795804651E+05  0.898608891809711E+05
0.248000000000131E-06 0.373520000000195E+03  0.637458712382541E+05  0.763635520875002E+05
0.250000000000133E-06 0.376500000000198E+03  0.719880494451244E+05  0.809594252111908E+05
0.252000000000136E-06 0.379480000000202E+03  0.764565202370143E+05  0.692109889507421E+05
0.254000000000138E-06 0.382460000000205E+03  0.720007336272674E+05  0.713631549560386E+05
0.256000000000140E-06 0.385440000000209E+03  0.773414585611100E+05  0.705566421463100E+05
0.258000000000142E-06 0.388420000000212E+03  0.773233145854268E+05  0.691841759748343E+05
0.260000000000145E-06 0.391400000000215E+03  0.831814744203455E+05  0.751335693897509E+05
0.262000000000147E-06 0.394380000000219E+03  0.777137526983368E+05  0.707745698464063E+05
0.264000000000149E-06 0.397360000000222E+03  0.690191919984835E+05  0.751511689721871E+05
0.266000000000151E-06 0.400340000000226E+03  0.684955251491804E+05  0.763923278488009E+05
0.268000000000154E-06 0.403320000000229E+03  0.631588335585365E+05  0.647952224112255E+05
0.270000000000156E-06 0.406300000000232E+03  0.658050532598158E+05  0.769742451800293E+05
0.272000000000158E-06 0.409280000000236E+03  0.616023933967948E+05  0.810087575580023E+05
0.274000000000160E-06 0.412260000000239E+03  0.665112720087499E+05  0.690289146711282E+05
0.276000000000163E-06 0.415240000000243E+03  0.657720435679264E+05  0.722210860063394E+05
0.278000000000165E-06 0.418220000000246E+03  0.650941546291453E+05  0.773887969447871E+05
0.280000000000167E-06 0.421200000000249E+03  0.676587312964185E+05  0.697293511793513E+05
0.282000000000170E-06 0.424180000000253E+03  0.637653100843209E+05  0.725036319595009E+05
0.284000000000172E-06 0.427160000000256E+03  0.581219171543010E+05  0.605906781128888E+05
0.286000000000174E-06 0.430140000000259E+03  0.520282643961802E+05  0.566683928313289E+05
0.288000000000176E-06 0.433120000000263E+03  0.520082676435057E+05  0.555883201839905E+05
0.290000000000179E-06 0.436100000000266E+03  0.525494167409843E+05  0.535607871287151E+05
0.292000000000181E-06 0.439080000000269E+03  0.570720091873922E+05  0.499320966234554E+05
0.294000000000183E-06 0.442060000000273E+03  0.475333022359623E+05  0.505852656352517E+05
0.296000000000185E-06 0.445040000000276E+03  0.616411505639774E+05  0.450998718812484E+05
0.298000000000188E-06 0.448020000000280E+03  0.577032528909001E+05  0.409046136175114E+05
0.300000000000190E-06 0.451000000000283E+03  0.510568419514666E+05  0.378253969538323E+05
0.302000000000192E-06 0.453980000000286E+03  0.552183893989479E+05  0.376568385747043E+05
0.304000000000194E-06 0.456960000000290E+03  0.678804990515792E+05  0.422263428998785E+05
0.306000000000197E-06 0.459940000000293E+03  0.555966542412208E+05  0.474901657774398E+05
0.308000000000199E-06 0.462920000000297E+03  0.535422964629696E+05  0.563036012135554E+05
0.310000000000201E-06 0.465900000000300E+03  0.495363065278890E+05  0.578148860385306E+05
0.312000000000204E-06 0.468880000000303E+03  0.495986027448209E+05  0.516073458023645E+05
0.314000000000206E-06 0.471860000000307E+03  0.496779676274081E+05  0.479999043049884E+05
0.316000000000208E-06 0.474840000000310E+03  0.587977053719659E+05  0.557007107785770E+05
0.318000000000210E-06 0.477820000000313E+03  0.565432655058753E+05  0.596256764972634E+05
0.320000000000213E-06 0.480800000000317E+03  0.660034724529056E+05  0.489037084628340E+05
0.322000000000215E-06 0.483780000000320E+03  0.653316173184460E+05  0.278721392557965E+05
0.324000000000217E-06 0.486760000000324E+03  0.587813222101216E+05  0.397739717117524E+05
0.326000000000219E-06 0.489740000000327E+03  0.530631854692851E+05  0.372561098808636E+05
0.328000000000222E-06 0.492720000000330E+03  0.596552699396801E+05  0.433848183202257E+05
0.330000000000224E-06 0.495700000000334E+03  0.586330686870819E+05  0.481255876991248E+05
0.332000000000226E-06 0.498680000000337E+03  0.439894415584681E+05  0.414065309256726E+05
0.334000000000228E-06 0.501660000000340E+03  0.364391765137269E+05  0.447409544217960E+05
0.336000000000231E-06 0.504640000000344E+03  0.555970622079603E+05  0.436884097538008E+05
0.338000000000233E-06 0.507620000000347E+03  0.504023771528205E+05  0.564949760822915E+05
0.340000000000235E-06 0.510600000000351E+03  0.540158844419386E+05  0.508404882744665E+05
0.342000000000238E-06 0.513580000000354E+03  0.422805895582033E+05  0.558113627941301E+05
0.344000000000240E-06 0.516560000000357E+03  0.259147240439824E+05  0.450200285856761E+05
0.346000000000242E-06 0.519540000000361E+03  0.385664906317332E+05  0.484701795630416E+05
0.348000000000244E-06 0.522520000000364E+03  0.304270772397975E+05  0.495179146696866E+05
0.350000000000247E-06 0.525500000000368E+03  0.418141219091524E+05  0.418048299612594E+05
0.352000000000249E-06 0.528480000000371E+03  0.365854371237544E+05  0.446508980497132E+05
0.354000000000251E-06 0.531460000000374E+03  0.493021902078447E+05  0.473954630916536E+05
0.356000000000253E-06 0.534440000000378E+03  0.487376040122089E+05  0.421647438326129E+05
0.358000000000256E-06 0.537420000000381E+03  0.604697961889737E+05  0.575594986563454E+05
0.360000000000258E-06 0.540400000000384E+03  0.596153132996478E+05  0.590495280249543E+05
0.362000000000260E-06 0.543380000000388E+03  0.572664133749258E+05  0.524521674690179E+05
0.364000000000263E-06 0.546360000000391E+03  0.514501993553504E+05  0.612584738378710E+05
0.366000000000265E-06 0.549340000000395E+03  0.337938158559520E+05  0.715529229393773E+05
0.368000000000267E-06 0.552320000000398E+03  0.310182702152914E+05  0.465192820259127E+05
0.370000000000269E-06 0.555300000000401E+03  0.509739058787417E+05  0.426911719156330E+05
0.372000000000272E-06 0.558280000000405E+03  0.352302370346272E+05  0.335251215698523E+05
0.374000000000274E-06 0.561260000000408E+03  0.303311328391814E+05  0.326011641870329E+05
0.376000000000276E-06 0.564240000000411E+03  0.372694266359797E+05  0.361555516679113E+05
0.378000000000278E-06 0.567220000000415E+03  0.490812791638782E+05  0.330543126070579E+05
0.380000000000281E-06 0.570200000000418E+03  0.552675634667681E+05  0.248096095247162E+05
0.382000000000283E-06 0.573180000000422E+03  0.460665171545020E+05  0.335985716764852E+05
0.384000000000285E-06 0.576160000000425E+03  0.489024783717526E+05  0.288645148193958E+05
0.386000000000287E-06 0.579140000000428E+03  0.500047203572294E+05  0.307275081334344E+05
0.388000000000290E-06 0.582120000000432E+03  0.475921600005731E+05  0.211429544108871E+05
0.390000000000292E-06 0.585100000000435E+03  0.425178215282386E+05  0.388820741199976E+05
0.392000000000294E-06 0.588080000000439E+03  0.355973932442001E+05  0.359020297448030E+05
0.394000000000297E-06 0.591060000000442E+03  0.425327597101141E+05  0.423916308123123E+05
0.396000000000299E-06 0.594040000000445E+03  0.597607732220116E+05  0.392664329424346E+05
0.398000000000301E-06 0.597020000000449E+03  0.502294996767648E+05  0.231333389139301E+05
0.400000000000303E-06 0.600000000000452E+03  0.505218759298979E+05  0.240372622258912E+05
