#                t(s)                  T(K)             M_ZFC(A/m)              M_FC(A/m)
0.200000000000000E-08 0.698000000000000E+01  0.602145248831845E+04  0.289679905045856E+06
0.400000000000002E-08 0.996000000000003E+01  0.670238441376362E+04  0.291062220097312E+06
0.599999999999997E-08 0.129400000000000E+02  0.593515974916327E+04  0.290607601297509E+06
0.799999999999992E-08 0.159199999999999E+02  0.630402039039282E+04  0.289145305230759E+06
0.999999999999988E-08 0.188999999999998E+02  0.720359212800636E+04  0.288911108535301E+06
0.119999999999998E-07 0.218799999999997E+02  0.636609812093585E+04  0.288660623240906E+06
0.139999999999998E-07 0.248599999999997E+02  0.661709324335923E+04  0.290410358306157E+06
0.159999999999999E-07 0.278399999999999E+02  0.759329573414841E+04  0.289016413478155E+06
0.180000000000002E-07 0.308200000000003E+02  0.722971989416041E+04  0.287523650221544E+06
0.200000000000005E-07 0.338000000000007E+02  0.661671886520021E+04  0.288049493674856E+06
0.220000000000008E-07 0.367800000000011E+02  0.768364969978782E+04  0.289207521027905E+06
0.240000000000010E-07 0.397600000000016E+02  0.466447651087719E+04  0.288258435117874E+06
0.260000000000013E-07 0.427400000000020E+02  0.569077361893541E+04  0.287369165863579E+06
0.280000000000016E-07 0.457200000000024E+02  0.610972721163785E+04  0.288217135260465E+06
0.300000000000018E-07 0.487000000000027E+02  0.603903572259216E+04  0.287053837519134E+06
0.320000000000014E-07 0.516800000000022E+02  0.539423849215699E+04  0.287340186870518E+06
0.340000000000011E-07 0.546600000000016E+02  0.623305079191961E+04  0.285942164933324E+06
0.360000000000007E-07 0.576400000000010E+02  0.677369423207781E+04  0.287220071442646E+06
0.380000000000003E-07 0.606200000000005E+02  0.601667492295918E+04  0.286066809814938E+06
0.399999999999999E-07 0.635999999999999E+02  0.663336801273421E+04  0.286233891967825E+06
0.419999999999995E-07 0.665799999999993E+02  0.954009960410259E+04  0.283607116042605E+06
0.439999999999992E-07 0.695599999999988E+02  0.708301089456312E+04  0.283186331469756E+06
0.459999999999988E-07 0.725399999999982E+02  0.455238991912468E+04  0.284115420289731E+06
0.479999999999984E-07 0.755199999999976E+02  0.503009181511935E+04  0.285485037032891E+06
0.499999999999980E-07 0.784999999999971E+02  0.627890392332262E+04  0.283537063466738E+06
0.519999999999977E-07 0.814799999999965E+02  0.881740258526868E+04  0.283718140205255E+06
0.539999999999973E-07 0.844599999999959E+02  0.864534281178928E+04  0.284000887924988E+06
0.559999999999969E-07 0.874399999999954E+02  0.588486984476842E+04  0.284272585105872E+06
0.579999999999965E-07 0.904199999999948E+02  0.641824990282399E+04  0.285881730582816E+06
0.599999999999961E-07 0.933999999999943E+02  0.915673008129459E+04  0.286230302724709E+06
0.619999999999958E-07 0.963799999999937E+02  0.688842199570231E+04  0.283578215977784E+06
0.639999999999954E-07 0.993599999999931E+02  0.102967679116491E+05  0.279500812670026E+06
0.659999999999950E-07 0.102339999999993E+03  0.842708775160738E+04  0.281338896760433E+06
0.679999999999946E-07 0.105319999999992E+03  0.748666863163311E+04  0.283525208212016E+06
0.699999999999942E-07 0.108299999999991E+03  0.862774546201467E+04  0.285295879368685E+06
0.719999999999939E-07 0.111279999999991E+03  0.733741400702887E+04  0.282411062979375E+06
0.739999999999935E-07 0.114259999999990E+03  0.527325284541570E+04  0.278674131675750E+06
0.759999999999931E-07 0.117239999999990E+03  0.836271321726570E+04  0.277015495905299E+06
0.779999999999927E-07 0.120219999999989E+03  0.757536116621263E+04  0.285057875094370E+06
0.799999999999924E-07 0.123199999999989E+03  0.647837222189776E+04  0.279800591269724E+06
0.819999999999920E-07 0.126179999999988E+03  0.131685866501350E+05  0.282652439193641E+06
0.839999999999916E-07 0.129159999999987E+03  0.578006996175688E+04  0.281999129461527E+06
0.859999999999912E-07 0.132139999999987E+03  0.876261434148074E+04  0.279880761679546E+06
0.879999999999908E-07 0.135119999999986E+03  0.544834283875196E+04  0.283542614500934E+06
0.899999999999905E-07 0.138099999999986E+03  0.589867743939559E+04  0.278698664970117E+06
0.919999999999901E-07 0.141079999999985E+03  0.997090063046715E+04  0.278268881735925E+06
0.939999999999897E-07 0.144059999999985E+03  0.718524472156191E+04  0.277650824592115E+06
0.959999999999893E-07 0.147039999999984E+03  0.536585717110662E+04  0.277451511142201E+06
0.979999999999889E-07 0.150019999999984E+03  0.612541886594142E+04  0.277398040194869E+06
0.999999999999886E-07 0.152999999999983E+03  0.963511695464444E+04  0.277937785097686E+06
0.101999999999988E-06 0.155979999999982E+03  0.619280789225955E+04  0.278060824979025E+06
0.103999999999988E-06 0.158959999999982E+03  0.109535762161876E+05  0.278786620359066E+06
0.105999999999987E-06 0.161939999999981E+03  0.115286061205045E+05  0.277955049601672E+06
0.107999999999987E-06 0.164919999999981E+03  0.486744673618052E+04  0.274647274068419E+06
0.109999999999987E-06 0.167899999999980E+03  0.101335944342287E+05  0.272964254919083E+06
0.111999999999986E-06 0.170879999999980E+03  0.101613175871960E+05  0.274655892021241E+06
0.113999999999986E-06 0.173859999999979E+03  0.812441546548050E+04  0.273780862966624E+06
0.115999999999986E-06 0.176839999999978E+03  0.120295001889430E+05  0.277008495204962E+06
0.117999999999985E-06 0.179819999999978E+03  0.637667006391446E+04  0.276011450530729E+06
0.119999999999986E-06 0.182799999999979E+03  0.992759989010539E+04  0.275889196741188E+06
0.121999999999988E-06 0.185779999999982E+03  0.838401775274950E+04  0.274746740042169E+06
0.123999999999990E-06 0.188759999999986E+03  0.124662437000061E+05  0.270833561228122E+06
0.125999999999993E-06 0.191739999999989E+03  0.951573383101944E+04  0.274316233291867E+06
0.127999999999995E-06 0.194719999999992E+03  0.678223776293223E+04  0.274675104811590E+06
0.129999999999997E-06 0.197699999999996E+03  0.121758354563649E+05  0.267286325793848E+06
0.131999999999999E-06 0.200679999999999E+03  0.137234716804370E+05  0.273206602870302E+06
0.134000000000002E-06 0.203660000000003E+03  0.149738309199256E+05  0.272274676448869E+06
0.136000000000004E-06 0.206640000000006E+03  0.177015987596380E+05  0.264915692417868E+06
0.138000000000006E-06 0.209620000000009E+03  0.152220090014968E+05  0.269800181221721E+06
0.140000000000009E-06 0.212600000000013E+03  0.152418045074987E+05  0.269168511254068E+06
0.142000000000011E-06 0.215580000000016E+03  0.201978266421894E+05  0.264751921890060E+06
0.144000000000013E-06 0.218560000000019E+03  0.135324477574513E+05  0.264359189196720E+06
0.146000000000015E-06 0.221540000000023E+03  0.183867158470476E+05  0.265142741162906E+06
0.148000000000018E-06 0.224520000000026E+03  0.176861719494075E+05  0.264756206689222E+06
0.150000000000020E-06 0.227500000000030E+03  0.209517448674372E+05  0.265679059823456E+06
0.152000000000022E-06 0.230480000000033E+03  0.175748433253830E+05  0.260251467475275E+06
0.154000000000024E-06 0.233460000000036E+03  0.174046879816655E+05  0.261711747857632E+06
0.156000000000027E-06 0.236440000000040E+03  0.175293002348578E+05  0.255384201244222E+06
0.158000000000029E-06 0.239420000000043E+03  0.243435637261570E+05  0.258560228069887E+06
0.160000000000031E-06 0.242400000000046E+03  0.269650906783104E+05  0.256426226027591E+06
0.162000000000033E-06 0.245380000000050E+03  0.268205417566216E+05  0.254060956712836E+06
0.164000000000036E-06 0.248360000000053E+03  0.263698362453339E+05  0.252003358489445E+06
0.166000000000038E-06 0.251340000000057E+03  0.296305806487956E+05  0.251405670473530E+06
0.168000000000040E-06 0.254320000000060E+03  0.301819659338460E+05  0.244309372598327E+06
0.170000000000043E-06 0.257300000000063E+03  0.344507298756334E+05  0.247805433969322E+06
0.172000000000045E-06 0.260280000000067E+03  0.324315441920373E+05  0.235698843186381E+06
0.174000000000047E-06 0.263260000000070E+03  0.302940088128090E+05  0.235407267414908E+06
0.176000000000049E-06 0.266240000000074E+03  0.329341047915786E+05  0.232526317995214E+06
0.178000000000052E-06 0.269220000000077E+03  0.354472883448770E+05  0.228927143417124E+06
0.180000000000054E-06 0.272200000000080E+03  0.350743036617198E+05  0.224250028218544E+06
0.182000000000056E-06 0.275180000000084E+03  0.399579318498714E+05  0.221971692852240E+06
0.184000000000058E-06 0.278160000000087E+03  0.337772858767912E+05  0.223505274428543E+06
0.186000000000061E-06 0.281140000000090E+03  0.325443333754048E+05  0.212771382576875E+06
0.188000000000063E-06 0.284120000000094E+03  0.301530823652736E+05  0.207738244065211E+06
0.190000000000065E-06 0.287100000000097E+03  0.288304407816825E+05  0.210139441976912E+06
0.192000000000067E-06 0.290080000000101E+03  0.360208599345534E+05  0.201526023974774E+06
0.194000000000070E-06 0.293060000000104E+03  0.379044622894621E+05  0.200992447814107E+06
0.196000000000072E-06 0.296040000000107E+03  0.409198202576409E+05  0.194638640647542E+06
0.198000000000074E-06 0.299020000000111E+03  0.371430793415349E+05  0.193537897644418E+06
0.200000000000077E-06 0.302000000000114E+03  0.388043591321539E+05  0.182074745642575E+06
0.202000000000079E-06 0.304980000000117E+03  0.424586272513901E+05  0.168025386074864E+06
0.204000000000081E-06 0.307960000000121E+03  0.469075751091493E+05  0.169178501802740E+06
0.206000000000083E-06 0.310940000000124E+03  0.482435002288520E+05  0.169422475465960E+06
0.208000000000086E-06 0.313920000000128E+03  0.464475069006727E+05  0.166180958487579E+06
0.210000000000088E-06 0.316900000000131E+03  0.522192551912065E+05  0.167782886092921E+06
0.212000000000090E-06 0.319880000000134E+03  0.494405751553624E+05  0.153006831296298E+06
0.214000000000092E-06 0.322860000000138E+03  0.551259427213309E+05  0.145294802429644E+06
0.216000000000095E-06 0.325840000000141E+03  0.551895384940324E+05  0.148418212628924E+06
0.218000000000097E-06 0.328820000000144E+03  0.512205395458183E+05  0.140436055801782E+06
0.220000000000099E-06 0.331800000000148E+03  0.500789726964878E+05  0.137104256238619E+06
0.222000000000101E-06 0.334780000000151E+03  0.499645969408512E+05  0.134001269711105E+06
0.224000000000104E-06 0.337760000000155E+03  0.576878234169260E+05  0.118633033771327E+06
0.226000000000106E-06 0.340740000000158E+03  0.549756902073011E+05  0.111889611678564E+06
0.228000000000108E-06 0.343720000000161E+03  0.545269634019946E+05  0.122350879245642E+06
0.230000000000111E-06 0.346700000000165E+03  0.572510479924736E+05  0.111012907507343E+06
0.232000000000113E-06 0.349680000000168E+03  0.619592997038066E+05  0.114099944785615E+06
0.234000000000115E-06 0.352660000000171E+03  0.655068177164997E+05  0.104138734950248E+06
0.236000000000117E-06 0.355640000000175E+03  0.745256276519879E+05  0.992893577979351E+05
0.238000000000120E-06 0.358620000000178E+03  0.667368977040250E+05  0.102666472555790E+06
0.240000000000122E-06 0.361600000000182E+03  0.661484300118496E+05  0.889687211885442E+05
0.242000000000124E-06 0.364580000000185E+03  0.765302386779553E+05  0.891211163497599E+05
0.244000000000126E-06 0.367560000000188E+03  0.661907677119459E+05  0.818471038653457E+05
0.246000000000129E-06 0.370540000000192E+03  0.661396835463906E+05  0.888944116955740E+05
0.248000000000131E-06 0.373520000000195E+03  0.636865293456503E+05  0.841440440457178E+05
0.250000000000133E-06 0.376500000000198E+03  0.736292732913558E+05  0.688506021752597E+05
0.252000000000136E-06 0.379480000000202E+03  0.719838890259544E+05  0.644007860232001E+05
0.254000000000138E-06 0.382460000000205E+03  0.684113692385854E+05  0.680940678856236E+05
0.256000000000140E-06 0.385440000000209E+03  0.762742364867746E+05  0.720986662860251E+05
0.258000000000142E-06 0.388420000000212E+03  0.667255905287116E+05  0.788568854969149E+05
0.260000000000145E-06 0.391400000000215E+03  0.622146780693199E+05  0.752481598042076E+05
0.262000000000147E-06 0.394380000000219E+03  0.598277667422667E+05  0.693089645406448E+05
0.264000000000149E-06 0.397360000000222E+03  0.580349058202290E+05  0.703432118291874E+05
0.266000000000151E-06 0.400340000000226E+03  0.559360000786380E+05  0.751669797944493E+05
0.268000000000154E-06 0.403320000000229E+03  0.590227259406047E+05  0.735260493407270E+05
0.270000000000156E-06 0.406300000000232E+03  0.630177249360552E+05  0.790491847822521E+05
0.272000000000158E-06 0.409280000000236E+03  0.586677243070333E+05  0.658597666477109E+05
0.274000000000160E-06 0.412260000000239E+03  0.589242291204872E+05  0.733280515071994E+05
0.276000000000163E-06 0.415240000000243E+03  0.586324150226511E+05  0.690438031983657E+05
0.278000000000165E-06 0.418220000000246E+03  0.585852029618666E+05  0.706446404187880E+05
0.280000000000167E-06 0.421200000000249E+03  0.493044620360514E+05  0.625548696383977E+05
0.282000000000170E-06 0.424180000000253E+03  0.530448060426725E+05  0.608995039136321E+05
0.284000000000172E-06 0.427160000000256E+03  0.536533705031399E+05  0.429401742301709E+05
0.286000000000174E-06 0.430140000000259E+03  0.739345750618924E+05  0.474407161967082E+05
0.288000000000176E-06 0.433120000000263E+03  0.650264983155388E+05  0.564034112873148E+05
0.290000000000179E-06 0.436100000000266E+03  0.652150041513159E+05  0.527398221438747E+05
0.292000000000181E-06 0.439080000000269E+03  0.647875109059251E+05  0.481546812267001E+05
0.294000000000183E-06 0.442060000000273E+03  0.590529263129097E+05  0.513191607011131E+05
0.296000000000185E-06 0.445040000000276E+03  0.671433918265537E+05  0.558740699907624E+05
0.298000000000188E-06 0.448020000000280E+03  0.638392141359893E+05  0.500392777654731E+05
0.300000000000190E-06 0.451000000000283E+03  0.585841881125216E+05  0.502987656301578E+05
0.302000000000192E-06 0.453980000000286E+03  0.507744240531771E+05  0.541736392262266E+05
0.304000000000194E-06 0.456960000000290E+03  0.445832687147243E+05  0.437739710933734E+05
0.306000000000197E-06 0.459940000000293E+03  0.538897225478516E+05  0.423117753897973E+05
0.308000000000199E-06 0.462920000000297E+03  0.466028455984107E+05  0.506848181863324E+05
0.310000000000201E-06 0.465900000000300E+03  0.447313574792430E+05  0.483785600670600E+05
0.312000000000204E-06 0.468880000000303E+03  0.415222625525596E+05  0.475946139383408E+05
0.314000000000206E-06 0.471860000000307E+03  0.431541983017516E+05  0.507452506956487E+05
0.316000000000208E-06 0.474840000000310E+03  0.516556981893372E+05  0.570592480090341E+05
0.318000000000210E-06 0.477820000000313E+03  0.564052027038996E+05  0.570651528722143E+05
0.320000000000213E-06 0.480800000000317E+03  0.629552013956644E+05  0.454644678853034E+05
0.322000000000215E-06 0.483780000000320E+03  0.454677885151260E+05  0.356208606962109E+05
0.324000000000217E-06 0.486760000000324E+03  0.462349542208738E+05  0.378887782573517E+05
0.326000000000219E-06 0.489740000000327E+03  0.526165874297412E+05  0.359931424188084E+05
0.328000000000222E-06 0.492720000000330E+03  0.489748559496460E+05  0.438196458792007E+05
0.330000000000224E-06 0.495700000000334E+03  0.420352333425277E+05  0.509445441097878E+05
0.332000000000226E-06 0.498680000000337E+03  0.361695978854428E+05  0.435517189506826E+05
0.334000000000228E-06 0.501660000000340E+03  0.451389625212006E+05  0.542357159557660E+05
0.336000000000231E-06 0.504640000000344E+03  0.366338287059017E+05  0.525108645233638E+05
0.338000000000233E-06 0.507620000000347E+03  0.312725693102965E+05  0.392783701362581E+05
0.340000000000235E-06 0.510600000000351E+03  0.194079386666396E+05  0.409445512829152E+05
0.342000000000238E-06 0.513580000000354E+03  0.352023122554322E+05  0.411950856290145E+05
0.344000000000240E-06 0.516560000000357E+03  0.458521424550884E+05  0.520638979840566E+05
0.346000000000242E-06 0.519540000000361E+03  0.408362894885254E+05  0.453461592884639E+05
0.348000000000244E-06 0.522520000000364E+03  0.417299754474530E+05  0.491440608327999E+05
0.350000000000247E-06 0.525500000000368E+03  0.355506696149118E+05  0.429445089720052E+05
0.352000000000249E-06 0.528480000000371E+03  0.391114918760080E+05  0.489046098190817E+05
0.354000000000251E-06 0.531460000000374E+03  0.325962593246044E+05  0.304949789619148E+05
0.356000000000253E-06 0.534440000000378E+03  0.302578875014999E+05  0.377255515642413E+05
0.358000000000256E-06 0.537420000000381E+03  0.322385060909389E+05  0.332793644688184E+05
0.360000000000258E-06 0.540400000000384E+03  0.325564427957080E+05  0.331257917850761E+05
0.362000000000260E-06 0.543380000000388E+03  0.365365730480493E+05  0.421672002766872E+05
0.364000000000263E-06 0.546360000000391E+03  0.329259378942197E+05  0.473195651103714E+05
0.366000000000265E-06 0.549340000000395E+03  0.366894082859356E+05  0.328307929009632E+05
0.368000000000267E-06 0.552320000000398E+03  0.447386295777406E+05  0.432554312407837E+05
0.370000000000269E-06 0.555300000000401E+03  0.401202471588484E+05  0.444650370825928E+05
0.372000000000272E-06 0.558280000000405E+03  0.429076318289319E+05  0.458668769941050E+05
0.374000000000274E-06 0.561260000000408E+03  0.383870323380898E+05  0.475064041911897E+05
0.376000000000276E-06 0.564240000000411E+03  0.444358619157206E+05  0.496356249542291E+05
0.378000000000278E-06 0.567220000000415E+03  0.402707638980526E+05  0.547157010307953E+05
0.380000000000281E-06 0.570200000000418E+03  0.479296954054814E+05  0.546852744068402E+05
0.382000000000283E-06 0.573180000000422E+03  0.453260284244017E+05  0.535187811321115E+05
0.384000000000285E-06 0.576160000000425E+03  0.485094455107776E+05  0.611689570132979E+05
0.386000000000287E-06 0.579140000000428E+03  0.416051733784325E+05  0.556809192615498E+05
0.388000000000290E-06 0.582120000000432E+03  0.364050634631599E+05  0.512565092545266E+05
0.390000000000292E-06 0.585100000000435E+03  0.383038052215765E+05  0.453271013827441E+05
0.392000000000294E-06 0.588080000000439E+03  0.304394774531141E+05  0.435351010147574E+05
0.394000000000297E-06 0.591060000000442E+03  0.157806273425427E+05  0.564465088435968E+05
0.396000000000299E-06 0.594040000000445E+03  0.254205961912293E+05  0.484794676309971E+05
0.398000000000301E-06 0.597020000000449E+03  0.307756122624911E+05  0.477558926598976E+05
0.400000000000303E-06 0.600000000000452E+03  0.351502440373895E+05  0.534897566093370E+05
