#                t(s)                  T(K)             M_ZFC(A/m)              M_FC(A/m)
0.200000000000000E-08 0.698000000000000E+01  0.385063823788924E+04  0.298725520721569E+06
0.400000000000002E-08 0.996000000000003E+01  0.371741393041193E+04  0.298792407811718E+06
0.599999999999997E-08 0.129400000000000E+02  0.377883372911679E+04  0.298306759996740E+06
0.799999999999992E-08 0.159199999999999E+02  0.338831088093252E+04  0.296838119582900E+06
0.999999999999988E-08 0.188999999999998E+02  0.304699736175104E+04  0.296030510795135E+06
0.119999999999998E-07 0.218799999999997E+02  0.320329541313440E+04  0.298388676753623E+06
0.139999999999998E-07 0.248599999999997E+02  0.404003706298255E+04  0.297500694321176E+06
0.159999999999999E-07 0.278399999999999E+02  0.302678526506723E+04  0.298424340603585E+06
0.180000000000002E-07 0.308200000000003E+02  0.482597423733441E+04  0.296493777953492E+06
0.200000000000005E-07 0.338000000000007E+02  0.208165705895230E+04  0.296690792287696E+06
0.220000000000008E-07 0.367800000000011E+02  0.485977045050973E+04  0.295213014442203E+06
0.240000000000010E-07 0.397600000000016E+02  0.414026306388298E+04  0.296759216856894E+06
0.260000000000013E-07 0.427400000000020E+02  0.382855419678879E+04  0.295258293370155E+06
0.280000000000016E-07 0.457200000000024E+02  0.442552960880600E+04  0.294713338979196E+06
0.300000000000018E-07 0.487000000000027E+02  0.375213868120487E+04  0.294443933739935E+06
0.320000000000014E-07 0.516800000000022E+02  0.725295132136147E+04  0.296548253378151E+06
0.340000000000011E-07 0.546600000000016E+02  0.375878024499716E+04  0.295901367708807E+06
0.360000000000007E-07 0.576400000000010E+02  0.325143397397577E+04  0.294590618475994E+06
0.380000000000003E-07 0.606200000000005E+02  0.309394913171379E+04  0.293157602225148E+06
0.399999999999999E-07 0.635999999999999E+02  0.644951146980705E+04  0.291669461949376E+06
0.419999999999995E-07 0.665799999999993E+02  0.102443565229038E+04  0.294874956854940E+06
0.439999999999992E-07 0.695599999999988E+02  0.572319016851747E+04  0.292949857890839E+06
0.459999999999988E-07 0.725399999999982E+02  0.512355187710162E+04  0.293176278654344E+06
0.479999999999984E-07 0.755199999999976E+02  0.351379492415950E+04  0.292511399723656E+06
0.499999999999980E-07 0.784999999999971E+02  0.550324121880997E+04  0.292493196572634E+06
0.519999999999977E-07 0.814799999999965E+02  0.592242195371132E+04  0.291619898048386E+06
0.539999999999973E-07 0.844599999999959E+02  0.393965751219298E+04  0.293478788648355E+06
0.559999999999969E-07 0.874399999999954E+02  0.262256341988984E+04  0.292909188302563E+06
0.579999999999965E-07 0.904199999999948E+02  0.521878289230596E+04  0.291700499097568E+06
0.599999999999961E-07 0.933999999999943E+02  0.497201698931257E+04  0.293720854666001E+06
0.619999999999958E-07 0.963799999999937E+02  0.376935777669894E+04  0.290685690923982E+06
0.639999999999954E-07 0.993599999999931E+02  0.540765646779904E+04  0.286094344291221E+06
0.659999999999950E-07 0.102339999999993E+03  0.574708874261580E+04  0.289440266324175E+06
0.679999999999946E-07 0.105319999999992E+03  0.232574621246035E+04  0.289731066666059E+06
0.699999999999942E-07 0.108299999999991E+03  0.342916990377495E+04  0.290899543446699E+06
0.719999999999939E-07 0.111279999999991E+03  0.748929682279315E+04  0.290656596180452E+06
0.739999999999935E-07 0.114259999999990E+03  0.236202706529467E+04  0.288611580245470E+06
0.759999999999931E-07 0.117239999999990E+03  0.307184983183098E+04  0.290119946649040E+06
0.779999999999927E-07 0.120219999999989E+03  0.845817467670964E+04  0.289856622760957E+06
0.799999999999924E-07 0.123199999999989E+03 -0.444023254552799E+03  0.290305172859477E+06
0.819999999999920E-07 0.126179999999988E+03  0.520695921401682E+04  0.289185539339168E+06
0.839999999999916E-07 0.129159999999987E+03  0.524765718135785E+04  0.289859114927089E+06
0.859999999999912E-07 0.132139999999987E+03  0.662190067954465E+04  0.288882568939304E+06
0.879999999999908E-07 0.135119999999986E+03  0.350216060032814E+04  0.286301254378678E+06
0.899999999999905E-07 0.138099999999986E+03  0.205096378238068E+04  0.288020434368680E+06
0.919999999999901E-07 0.141079999999985E+03  0.237434788524278E+04  0.285372863200952E+06
0.939999999999897E-07 0.144059999999985E+03  0.356221327413231E+04  0.286825706451003E+06
0.959999999999893E-07 0.147039999999984E+03  0.357841636563711E+04  0.288573178060448E+06
0.979999999999889E-07 0.150019999999984E+03  0.592484697259637E+04  0.287588892861621E+06
0.999999999999886E-07 0.152999999999983E+03  0.928860997629850E+04  0.283694522519699E+06
0.101999999999988E-06 0.155979999999982E+03  0.545938626431201E+04  0.285733277504151E+06
0.103999999999988E-06 0.158959999999982E+03  0.472926373204582E+04  0.288875197667005E+06
0.105999999999987E-06 0.161939999999981E+03  0.167874170850835E+04  0.286515982112444E+06
0.107999999999987E-06 0.164919999999981E+03  0.405800546784649E+04  0.287592128381531E+06
0.109999999999987E-06 0.167899999999980E+03  0.612288973816950E+04  0.285379272054533E+06
0.111999999999986E-06 0.170879999999980E+03  0.109526339598031E+04  0.284243281671866E+06
0.113999999999986E-06 0.173859999999979E+03  0.490176032666136E+04  0.282393586315442E+06
0.115999999999986E-06 0.176839999999978E+03  0.420696389471021E+04  0.284784289477953E+06
0.117999999999985E-06 0.179819999999978E+03  0.758701585402627E+04  0.283619381135813E+06
0.119999999999986E-06 0.182799999999979E+03  0.369797358165357E+04  0.283552316420137E+06
0.121999999999988E-06 0.185779999999982E+03  0.374908791595206E+04  0.276074538128042E+06
0.123999999999990E-06 0.188759999999986E+03  0.932850595885762E+04  0.278853708275096E+06
0.125999999999993E-06 0.191739999999989E+03  0.676085519358705E+04  0.279688217790463E+06
0.127999999999995E-06 0.194719999999992E+03  0.123055215708326E+05  0.277815351178824E+06
0.129999999999997E-06 0.197699999999996E+03  0.527886349745240E+04  0.276459246660487E+06
0.131999999999999E-06 0.200679999999999E+03  0.424599850920562E+04  0.277600247449493E+06
0.134000000000002E-06 0.203660000000003E+03  0.105772850246158E+05  0.272746138415499E+06
0.136000000000004E-06 0.206640000000006E+03  0.145567289941661E+05  0.275567715125548E+06
0.138000000000006E-06 0.209620000000009E+03  0.125710289327195E+05  0.271238125267758E+06
0.140000000000009E-06 0.212600000000013E+03  0.121298511283023E+05  0.273805937431609E+06
0.142000000000011E-06 0.215580000000016E+03  0.178356917225680E+05  0.269642513318023E+06
0.144000000000013E-06 0.218560000000019E+03  0.179180313962182E+05  0.265032657119443E+06
0.146000000000015E-06 0.221540000000023E+03  0.118894653506870E+05  0.267758641980420E+06
0.148000000000018E-06 0.224520000000026E+03  0.186686967501731E+05  0.263186471779398E+06
0.150000000000020E-06 0.227500000000030E+03  0.157600283057751E+05  0.259878676403151E+06
0.152000000000022E-06 0.230480000000033E+03  0.193254056443194E+05  0.265135333214564E+06
0.154000000000024E-06 0.233460000000036E+03  0.212208448323399E+05  0.265468792017642E+06
0.156000000000027E-06 0.236440000000040E+03  0.201771642865935E+05  0.263807796740115E+06
0.158000000000029E-06 0.239420000000043E+03  0.213741973747202E+05  0.258408472554583E+06
0.160000000000031E-06 0.242400000000046E+03  0.266352911433671E+05  0.252289603373047E+06
0.162000000000033E-06 0.245380000000050E+03  0.193806102989250E+05  0.261259026896312E+06
0.164000000000036E-06 0.248360000000053E+03  0.239320546903079E+05  0.247737416701091E+06
0.166000000000038E-06 0.251340000000057E+03  0.235345403346962E+05  0.250521468410730E+06
0.168000000000040E-06 0.254320000000060E+03  0.204239328183781E+05  0.252790020619764E+06
0.170000000000043E-06 0.257300000000063E+03  0.176431535735963E+05  0.242239258628850E+06
0.172000000000045E-06 0.260280000000067E+03  0.236329524968477E+05  0.242359825576057E+06
0.174000000000047E-06 0.263260000000070E+03  0.270049000272044E+05  0.233177404668944E+06
0.176000000000049E-06 0.266240000000074E+03  0.272724699676089E+05  0.228286018348365E+06
0.178000000000052E-06 0.269220000000077E+03  0.211845379770282E+05  0.221203652258276E+06
0.180000000000054E-06 0.272200000000080E+03  0.272817511655096E+05  0.220684372483728E+06
0.182000000000056E-06 0.275180000000084E+03  0.257525121049927E+05  0.208742964253552E+06
0.184000000000058E-06 0.278160000000087E+03  0.288118982244999E+05  0.211706015924267E+06
0.186000000000061E-06 0.281140000000090E+03  0.318056431038191E+05  0.213267726264391E+06
0.188000000000063E-06 0.284120000000094E+03  0.333256254146475E+05  0.206760998895650E+06
0.190000000000065E-06 0.287100000000097E+03  0.294724965294558E+05  0.202848413174780E+06
0.192000000000067E-06 0.290080000000101E+03  0.358824611356558E+05  0.197679629490020E+06
0.194000000000070E-06 0.293060000000104E+03  0.360064338431880E+05  0.196204983365198E+06
0.196000000000072E-06 0.296040000000107E+03  0.261815682371436E+05  0.191712777344990E+06
0.198000000000074E-06 0.299020000000111E+03  0.403852451481319E+05  0.187797746231735E+06
0.200000000000077E-06 0.302000000000114E+03  0.370252128148494E+05  0.187760640010625E+06
0.202000000000079E-06 0.304980000000117E+03  0.366353943946592E+05  0.182009554946889E+06
0.204000000000081E-06 0.307960000000121E+03  0.388314830369915E+05  0.167694471877746E+06
0.206000000000083E-06 0.310940000000124E+03  0.332171149210156E+05  0.172857714211305E+06
0.208000000000086E-06 0.313920000000128E+03  0.407041913257025E+05  0.156168046589619E+06
0.210000000000088E-06 0.316900000000131E+03  0.422198652289641E+05  0.155579195266214E+06
0.212000000000090E-06 0.319880000000134E+03  0.425008381646167E+05  0.159165807829217E+06
0.214000000000092E-06 0.322860000000138E+03  0.376301379795869E+05  0.146695720525276E+06
0.216000000000095E-06 0.325840000000141E+03  0.460076243999387E+05  0.151077264325596E+06
0.218000000000097E-06 0.328820000000144E+03  0.423795704469929E+05  0.134694641083444E+06
0.220000000000099E-06 0.331800000000148E+03  0.415236777362561E+05  0.138099560454704E+06
0.222000000000101E-06 0.334780000000151E+03  0.407762617194766E+05  0.137136739793455E+06
0.224000000000104E-06 0.337760000000155E+03  0.463872019804920E+05  0.125035926674192E+06
0.226000000000106E-06 0.340740000000158E+03  0.477456972423373E+05  0.123386726462644E+06
0.228000000000108E-06 0.343720000000161E+03  0.497589232129370E+05  0.115307618038656E+06
0.230000000000111E-06 0.346700000000165E+03  0.587096320152854E+05  0.120032003220719E+06
0.232000000000113E-06 0.349680000000168E+03  0.494755185407362E+05  0.113414022107948E+06
0.234000000000115E-06 0.352660000000171E+03  0.548588940240274E+05  0.101708718004850E+06
0.236000000000117E-06 0.355640000000175E+03  0.628735622643406E+05  0.103335968204551E+06
0.238000000000120E-06 0.358620000000178E+03  0.679075279488394E+05  0.998439512771600E+05
0.240000000000122E-06 0.361600000000182E+03  0.610656634863624E+05  0.977038347829907E+05
0.242000000000124E-06 0.364580000000185E+03  0.581504615788904E+05  0.952400136517098E+05
0.244000000000126E-06 0.367560000000188E+03  0.637514566232938E+05  0.995390097273366E+05
0.246000000000129E-06 0.370540000000192E+03  0.625137197647046E+05  0.962643647593577E+05
0.248000000000131E-06 0.373520000000195E+03  0.706041832641775E+05  0.864219967209766E+05
0.250000000000133E-06 0.376500000000198E+03  0.708541719224864E+05  0.873365266035963E+05
0.252000000000136E-06 0.379480000000202E+03  0.740974080568924E+05  0.828370301028247E+05
0.254000000000138E-06 0.382460000000205E+03  0.744636606488637E+05  0.787675355638154E+05
0.256000000000140E-06 0.385440000000209E+03  0.857946643327707E+05  0.752616697876621E+05
0.258000000000142E-06 0.388420000000212E+03  0.833132144440314E+05  0.693187296842446E+05
0.260000000000145E-06 0.391400000000215E+03  0.676030697073927E+05  0.668083308065479E+05
0.262000000000147E-06 0.394380000000219E+03  0.650718712193720E+05  0.691482628099041E+05
0.264000000000149E-06 0.397360000000222E+03  0.769184503120139E+05  0.647459079506057E+05
0.266000000000151E-06 0.400340000000226E+03  0.698032824739970E+05  0.651777784661857E+05
0.268000000000154E-06 0.403320000000229E+03  0.698268160815393E+05  0.711838089042382E+05
0.270000000000156E-06 0.406300000000232E+03  0.793370406346155E+05  0.611593898506605E+05
0.272000000000158E-06 0.409280000000236E+03  0.887867061009831E+05  0.586152743373671E+05
0.274000000000160E-06 0.412260000000239E+03  0.815889333997353E+05  0.682978476256111E+05
0.276000000000163E-06 0.415240000000243E+03  0.845955951674789E+05  0.607344506979788E+05
0.278000000000165E-06 0.418220000000246E+03  0.776973980961875E+05  0.603396941942194E+05
0.280000000000167E-06 0.421200000000249E+03  0.788970326291525E+05  0.551892074838856E+05
0.282000000000170E-06 0.424180000000253E+03  0.707572116016851E+05  0.639354831138056E+05
0.284000000000172E-06 0.427160000000256E+03  0.768209156123056E+05  0.576947452417351E+05
0.286000000000174E-06 0.430140000000259E+03  0.729132367022121E+05  0.519413487312898E+05
0.288000000000176E-06 0.433120000000263E+03  0.760198245932101E+05  0.483124543154021E+05
0.290000000000179E-06 0.436100000000266E+03  0.633212109124942E+05  0.431962522025051E+05
0.292000000000181E-06 0.439080000000269E+03  0.591606713789140E+05  0.448298117324737E+05
0.294000000000183E-06 0.442060000000273E+03  0.574139705488477E+05  0.470019226742159E+05
0.296000000000185E-06 0.445040000000276E+03  0.580452562728094E+05  0.482889939586316E+05
0.298000000000188E-06 0.448020000000280E+03  0.532572813555157E+05  0.558606390758637E+05
0.300000000000190E-06 0.451000000000283E+03  0.500897745614588E+05  0.488966543281860E+05
0.302000000000192E-06 0.453980000000286E+03  0.515580604354556E+05  0.549880430633800E+05
0.304000000000194E-06 0.456960000000290E+03  0.557557133422064E+05  0.424985338830768E+05
0.306000000000197E-06 0.459940000000293E+03  0.627107003266927E+05  0.408917254498580E+05
0.308000000000199E-06 0.462920000000297E+03  0.692784632938164E+05  0.531595737259247E+05
0.310000000000201E-06 0.465900000000300E+03  0.690075706825724E+05  0.406637983589720E+05
0.312000000000204E-06 0.468880000000303E+03  0.601830480432965E+05  0.296383287949451E+05
0.314000000000206E-06 0.471860000000307E+03  0.483866735442126E+05  0.400260813793938E+05
0.316000000000208E-06 0.474840000000310E+03  0.430602545970730E+05  0.431428548126230E+05
0.318000000000210E-06 0.477820000000313E+03  0.558704395335569E+05  0.485727553187371E+05
0.320000000000213E-06 0.480800000000317E+03  0.500161751747943E+05  0.608525349134879E+05
0.322000000000215E-06 0.483780000000320E+03  0.615014482630173E+05  0.644925632995645E+05
0.324000000000217E-06 0.486760000000324E+03  0.550582573943915E+05  0.495729072956047E+05
0.326000000000219E-06 0.489740000000327E+03  0.437367687148040E+05  0.534196255880058E+05
0.328000000000222E-06 0.492720000000330E+03  0.465478227133456E+05  0.508121831387219E+05
0.330000000000224E-06 0.495700000000334E+03  0.609248404299497E+05  0.496012245176638E+05
0.332000000000226E-06 0.498680000000337E+03  0.483337611223808E+05  0.384139301816082E+05
0.334000000000228E-06 0.501660000000340E+03  0.482244003146564E+05  0.524243912497929E+05
0.336000000000231E-06 0.504640000000344E+03  0.601869699058300E+05  0.527248001793765E+05
0.338000000000233E-06 0.507620000000347E+03  0.464946410453485E+05  0.498599377518651E+05
0.340000000000235E-06 0.510600000000351E+03  0.381366383408225E+05  0.434578929426007E+05
0.342000000000238E-06 0.513580000000354E+03  0.429662039026426E+05  0.456113247775753E+05
0.344000000000240E-06 0.516560000000357E+03  0.372551052700132E+05  0.650327302757523E+05
0.346000000000242E-06 0.519540000000361E+03  0.477943766559884E+05  0.425622240647861E+05
0.348000000000244E-06 0.522520000000364E+03  0.466035731756860E+05  0.584623868937945E+05
0.350000000000247E-06 0.525500000000368E+03  0.419317477018643E+05  0.528402567239838E+05
0.352000000000249E-06 0.528480000000371E+03  0.420429672814194E+05  0.373360274975682E+05
0.354000000000251E-06 0.531460000000374E+03  0.260673538799979E+05  0.458579480189113E+05
0.356000000000253E-06 0.534440000000378E+03  0.354646576231536E+05  0.554308945146883E+05
0.358000000000256E-06 0.537420000000381E+03  0.293701965168719E+05  0.583658877295508E+05
0.360000000000258E-06 0.540400000000384E+03  0.375865229325596E+05  0.610460811495464E+05
0.362000000000260E-06 0.543380000000388E+03  0.332048005438935E+05  0.505824847429358E+05
0.364000000000263E-06 0.546360000000391E+03  0.385067877913415E+05  0.468966225074346E+05
0.366000000000265E-06 0.549340000000395E+03  0.510563132914848E+05  0.343144572739941E+05
0.368000000000267E-06 0.552320000000398E+03  0.496210073103102E+05  0.399536146870241E+05
0.370000000000269E-06 0.555300000000401E+03  0.405696273541355E+05  0.400042368406430E+05
0.372000000000272E-06 0.558280000000405E+03  0.407577278934517E+05  0.485123702483351E+05
0.374000000000274E-06 0.561260000000408E+03  0.419244435713989E+05  0.429583434422848E+05
0.376000000000276E-06 0.564240000000411E+03  0.582272482201126E+05  0.199493802418453E+05
0.378000000000278E-06 0.567220000000415E+03  0.557028867565831E+05  0.277168305593033E+05
0.380000000000281E-06 0.570200000000418E+03  0.392565348460527E+05  0.257707460508341E+05
0.382000000000283E-06 0.573180000000422E+03  0.460208035060558E+05  0.401524995616618E+05
0.384000000000285E-06 0.576160000000425E+03  0.371908518211072E+05  0.343796795762896E+05
0.386000000000287E-06 0.579140000000428E+03  0.513413877036034E+05  0.384446146940039E+05
0.388000000000290E-06 0.582120000000432E+03  0.377940188176246E+05  0.269044247199665E+05
0.390000000000292E-06 0.585100000000435E+03  0.368063018668479E+05  0.282965274313751E+05
0.392000000000294E-06 0.588080000000439E+03  0.263564137040282E+05  0.349509954098789E+05
0.394000000000297E-06 0.591060000000442E+03  0.224842108235634E+05  0.315481320467623E+05
0.396000000000299E-06 0.594040000000445E+03  0.250714658233409E+05  0.217491902459734E+05
0.398000000000301E-06 0.597020000000449E+03  0.325234825556316E+05  0.293542462966395E+05
0.400000000000303E-06 0.600000000000452E+03  0.327481460643600E+05  0.820320335514112E+04
