#                t(s)                  T(K)             M_ZFC(A/m)              M_FC(A/m)
0.200000000000000E-08 0.698000000000000E+01  0.231084735011272E+05  0.290495468288076E+06
0.400000000000002E-08 0.996000000000003E+01  0.236314698892398E+05  0.290202782293292E+06
0.599999999999997E-08 0.129400000000000E+02  0.239578670771305E+05  0.289919357368951E+06
0.799999999999992E-08 0.159199999999999E+02  0.239480330096836E+05  0.289246154015726E+06
0.999999999999988E-08 0.188999999999998E+02  0.228356663613728E+05  0.288584419989337E+06
0.119999999999998E-07 0.218799999999997E+02  0.233893532338616E+05  0.289626677731999E+06
0.139999999999998E-07 0.248599999999997E+02  0.238073690091062E+05  0.287330956967296E+06
0.159999999999999E-07 0.278399999999999E+02  0.245190102648169E+05  0.288164990704233E+06
0.180000000000002E-07 0.308200000000003E+02  0.244317775227933E+05  0.287895373160658E+06
0.200000000000005E-07 0.338000000000007E+02  0.227792511038996E+05  0.288419412393926E+06
0.220000000000008E-07 0.367800000000011E+02  0.247895969335922E+05  0.286632823193632E+06
0.240000000000010E-07 0.397600000000016E+02  0.225270605071837E+05  0.286573017908779E+06
0.260000000000013E-07 0.427400000000020E+02  0.223991072601079E+05  0.288778920747684E+06
0.280000000000016E-07 0.457200000000024E+02  0.219112255078630E+05  0.286057370534950E+06
0.300000000000018E-07 0.487000000000027E+02  0.225184044448542E+05  0.288821608135494E+06
0.320000000000014E-07 0.516800000000022E+02  0.242703790235115E+05  0.289154189327182E+06
0.340000000000011E-07 0.546600000000016E+02  0.269184149848724E+05  0.285366756773277E+06
0.360000000000007E-07 0.576400000000010E+02  0.260292320353285E+05  0.285348445234635E+06
0.380000000000003E-07 0.606200000000005E+02  0.241009842430720E+05  0.286677867978611E+06
0.399999999999999E-07 0.635999999999999E+02  0.244964286914865E+05  0.286583579092733E+06
0.419999999999995E-07 0.665799999999993E+02  0.246562471032047E+05  0.283319150289691E+06
0.439999999999992E-07 0.695599999999988E+02  0.241934338060524E+05  0.285373619270511E+06
0.459999999999988E-07 0.725399999999982E+02  0.197736560590689E+05  0.287086184246145E+06
0.479999999999984E-07 0.755199999999976E+02  0.230498360073577E+05  0.285720952808236E+06
0.499999999999980E-07 0.784999999999971E+02  0.243862403986128E+05  0.285893878602127E+06
0.519999999999977E-07 0.814799999999965E+02  0.230913349739121E+05  0.286053220232299E+06
0.539999999999973E-07 0.844599999999959E+02  0.215823117576120E+05  0.284125482502139E+06
0.559999999999969E-07 0.874399999999954E+02  0.223553424824683E+05  0.280994181296705E+06
0.579999999999965E-07 0.904199999999948E+02  0.242318593066294E+05  0.280814090256949E+06
0.599999999999961E-07 0.933999999999943E+02  0.237236129673543E+05  0.283719643720900E+06
0.619999999999958E-07 0.963799999999937E+02  0.218539748564521E+05  0.283120748877452E+06
0.639999999999954E-07 0.993599999999931E+02  0.252840739639412E+05  0.286532937809780E+06
0.659999999999950E-07 0.102339999999993E+03  0.224241341871298E+05  0.281998997576131E+06
0.679999999999946E-07 0.105319999999992E+03  0.256604278774513E+05  0.279285981674628E+06
0.699999999999942E-07 0.108299999999991E+03  0.262542082805842E+05  0.282187208717246E+06
0.719999999999939E-07 0.111279999999991E+03  0.262374503471257E+05  0.283477064294447E+06
0.739999999999935E-07 0.114259999999990E+03  0.223273419387143E+05  0.284832671469519E+06
0.759999999999931E-07 0.117239999999990E+03  0.258007813903542E+05  0.284489100073474E+06
0.779999999999927E-07 0.120219999999989E+03  0.256354915876304E+05  0.281528567139043E+06
0.799999999999924E-07 0.123199999999989E+03  0.244773493769299E+05  0.282940393431697E+06
0.819999999999920E-07 0.126179999999988E+03  0.234850844951142E+05  0.280530406709678E+06
0.839999999999916E-07 0.129159999999987E+03  0.281050832075959E+05  0.279696416253974E+06
0.859999999999912E-07 0.132139999999987E+03  0.230969016104897E+05  0.279889492524503E+06
0.879999999999908E-07 0.135119999999986E+03  0.259843903421341E+05  0.280049893122826E+06
0.899999999999905E-07 0.138099999999986E+03  0.231261294998084E+05  0.280252760027057E+06
0.919999999999901E-07 0.141079999999985E+03  0.203023887801694E+05  0.276926901205648E+06
0.939999999999897E-07 0.144059999999985E+03  0.245605447512439E+05  0.279200499121343E+06
0.959999999999893E-07 0.147039999999984E+03  0.226423396736735E+05  0.277938453193839E+06
0.979999999999889E-07 0.150019999999984E+03  0.216468737335874E+05  0.278076832486347E+06
0.999999999999886E-07 0.152999999999983E+03  0.249055378397400E+05  0.276932507549815E+06
0.101999999999988E-06 0.155979999999982E+03  0.215280063714563E+05  0.278777436856248E+06
0.103999999999988E-06 0.158959999999982E+03  0.238049654442264E+05  0.273068842791775E+06
0.105999999999987E-06 0.161939999999981E+03  0.254033820992330E+05  0.277502630656831E+06
0.107999999999987E-06 0.164919999999981E+03  0.252503282839361E+05  0.277514644922702E+06
0.109999999999987E-06 0.167899999999980E+03  0.218355632060494E+05  0.274697404404672E+06
0.111999999999986E-06 0.170879999999980E+03  0.261824220457399E+05  0.276119068359798E+06
0.113999999999986E-06 0.173859999999979E+03  0.233235990056997E+05  0.278612381336862E+06
0.115999999999986E-06 0.176839999999978E+03  0.289256670643672E+05  0.276531022579973E+06
0.117999999999985E-06 0.179819999999978E+03  0.217735651634105E+05  0.281464425792521E+06
0.119999999999986E-06 0.182799999999979E+03  0.209087176054565E+05  0.272738131025217E+06
0.121999999999988E-06 0.185779999999982E+03  0.211579429269151E+05  0.272539869578378E+06
0.123999999999990E-06 0.188759999999986E+03  0.282262432347077E+05  0.268968846548561E+06
0.125999999999993E-06 0.191739999999989E+03  0.273449645426611E+05  0.267154649604478E+06
0.127999999999995E-06 0.194719999999992E+03  0.270181425642376E+05  0.269456290278459E+06
0.129999999999997E-06 0.197699999999996E+03  0.248355803933561E+05  0.267094304888242E+06
0.131999999999999E-06 0.200679999999999E+03  0.229625884498956E+05  0.270084483361512E+06
0.134000000000002E-06 0.203660000000003E+03  0.162965422791792E+05  0.270745800904739E+06
0.136000000000004E-06 0.206640000000006E+03  0.195557374708586E+05  0.267914198646121E+06
0.138000000000006E-06 0.209620000000009E+03  0.196519640827201E+05  0.265674513404010E+06
0.140000000000009E-06 0.212600000000013E+03  0.241091129406830E+05  0.266072849390945E+06
0.142000000000011E-06 0.215580000000016E+03  0.247502748602459E+05  0.264537503714312E+06
0.144000000000013E-06 0.218560000000019E+03  0.197761627118819E+05  0.265370655490169E+06
0.146000000000015E-06 0.221540000000023E+03  0.215391316683349E+05  0.262146580620251E+06
0.148000000000018E-06 0.224520000000026E+03  0.193552460289135E+05  0.265467609359376E+06
0.150000000000020E-06 0.227500000000030E+03  0.188336703948841E+05  0.261292254737679E+06
0.152000000000022E-06 0.230480000000033E+03  0.247797705388506E+05  0.249863409654163E+06
0.154000000000024E-06 0.233460000000036E+03  0.171292246032957E+05  0.256299065471312E+06
0.156000000000027E-06 0.236440000000040E+03  0.231429085309451E+05  0.256427177510131E+06
0.158000000000029E-06 0.239420000000043E+03  0.244252442552699E+05  0.243725838580718E+06
0.160000000000031E-06 0.242400000000046E+03  0.235584115309734E+05  0.248108254485448E+06
0.162000000000033E-06 0.245380000000050E+03  0.223867719018712E+05  0.247740755048014E+06
0.164000000000036E-06 0.248360000000053E+03  0.245874293980659E+05  0.245636702810897E+06
0.166000000000038E-06 0.251340000000057E+03  0.256589204186675E+05  0.241725903743897E+06
0.168000000000040E-06 0.254320000000060E+03  0.211799678063794E+05  0.242491081723613E+06
0.170000000000043E-06 0.257300000000063E+03  0.186640489540920E+05  0.241740490512631E+06
0.172000000000045E-06 0.260280000000067E+03  0.229982292887592E+05  0.233266189772720E+06
0.174000000000047E-06 0.263260000000070E+03  0.258602634052199E+05  0.229155502750620E+06
0.176000000000049E-06 0.266240000000074E+03  0.261094751156834E+05  0.225663184476114E+06
0.178000000000052E-06 0.269220000000077E+03  0.296418953871107E+05  0.215176829628981E+06
0.180000000000054E-06 0.272200000000080E+03  0.333072316990465E+05  0.216664206175996E+06
0.182000000000056E-06 0.275180000000084E+03  0.363361320867468E+05  0.215970362524588E+06
0.184000000000058E-06 0.278160000000087E+03  0.390230190985332E+05  0.213323696747626E+06
0.186000000000061E-06 0.281140000000090E+03  0.421224945989446E+05  0.214031517809160E+06
0.188000000000063E-06 0.284120000000094E+03  0.425894832342307E+05  0.213160381657274E+06
0.190000000000065E-06 0.287100000000097E+03  0.485245182374968E+05  0.208236864995887E+06
0.192000000000067E-06 0.290080000000101E+03  0.333038892755674E+05  0.204598089553273E+06
0.194000000000070E-06 0.293060000000104E+03  0.385220784633471E+05  0.202913445459799E+06
0.196000000000072E-06 0.296040000000107E+03  0.458807981816065E+05  0.203841797433265E+06
0.198000000000074E-06 0.299020000000111E+03  0.490351662013583E+05  0.195742427116766E+06
0.200000000000077E-06 0.302000000000114E+03  0.459168606716672E+05  0.188114923039066E+06
0.202000000000079E-06 0.304980000000117E+03  0.472254141804361E+05  0.186284429240800E+06
0.204000000000081E-06 0.307960000000121E+03  0.561589670408928E+05  0.177078970597439E+06
0.206000000000083E-06 0.310940000000124E+03  0.572815221977423E+05  0.181508386601047E+06
0.208000000000086E-06 0.313920000000128E+03  0.549295475662082E+05  0.170759448713246E+06
0.210000000000088E-06 0.316900000000131E+03  0.622285822986827E+05  0.159409421714765E+06
0.212000000000090E-06 0.319880000000134E+03  0.590439822292345E+05  0.158442130675968E+06
0.214000000000092E-06 0.322860000000138E+03  0.552485269405141E+05  0.158235709899052E+06
0.216000000000095E-06 0.325840000000141E+03  0.673312661654346E+05  0.150509309606646E+06
0.218000000000097E-06 0.328820000000144E+03  0.658312746779109E+05  0.148288199860076E+06
0.220000000000099E-06 0.331800000000148E+03  0.637150941314848E+05  0.142444668750564E+06
0.222000000000101E-06 0.334780000000151E+03  0.696647891800004E+05  0.141725339028883E+06
0.224000000000104E-06 0.337760000000155E+03  0.697044925131261E+05  0.138815285721899E+06
0.226000000000106E-06 0.340740000000158E+03  0.760409726198952E+05  0.125999083425743E+06
0.228000000000108E-06 0.343720000000161E+03  0.760229943789822E+05  0.120424328730118E+06
0.230000000000111E-06 0.346700000000165E+03  0.814468864867935E+05  0.120880512013509E+06
0.232000000000113E-06 0.349680000000168E+03  0.758852703242503E+05  0.114442745458514E+06
0.234000000000115E-06 0.352660000000171E+03  0.791915047969041E+05  0.113017944971305E+06
0.236000000000117E-06 0.355640000000175E+03  0.807064849279082E+05  0.990716963106105E+05
0.238000000000120E-06 0.358620000000178E+03  0.852851867715403E+05  0.979428741365651E+05
0.240000000000122E-06 0.361600000000182E+03  0.721991833205604E+05  0.920690150420768E+05
0.242000000000124E-06 0.364580000000185E+03  0.755552483761096E+05  0.963573651507259E+05
0.244000000000126E-06 0.367560000000188E+03  0.790407256507273E+05  0.830217463138116E+05
0.246000000000129E-06 0.370540000000192E+03  0.819419735839302E+05  0.837945609841520E+05
0.248000000000131E-06 0.373520000000195E+03  0.708686887431440E+05  0.753056528454122E+05
0.250000000000133E-06 0.376500000000198E+03  0.631797542047789E+05  0.717878904495822E+05
0.252000000000136E-06 0.379480000000202E+03  0.625037132023761E+05  0.743112204945569E+05
0.254000000000138E-06 0.382460000000205E+03  0.744260455907559E+05  0.723671614725839E+05
0.256000000000140E-06 0.385440000000209E+03  0.702630247254855E+05  0.585639967373606E+05
0.258000000000142E-06 0.388420000000212E+03  0.686893905582992E+05  0.620081505989007E+05
0.260000000000145E-06 0.391400000000215E+03  0.726117147951437E+05  0.619774817137575E+05
0.262000000000147E-06 0.394380000000219E+03  0.717201619439203E+05  0.535656245902610E+05
0.264000000000149E-06 0.397360000000222E+03  0.562064236798998E+05  0.555830970970929E+05
0.266000000000151E-06 0.400340000000226E+03  0.591289052930870E+05  0.487288881843434E+05
0.268000000000154E-06 0.403320000000229E+03  0.600117337097572E+05  0.451046350423785E+05
0.270000000000156E-06 0.406300000000232E+03  0.502509690309532E+05  0.496946273433513E+05
0.272000000000158E-06 0.409280000000236E+03  0.628867087402396E+05  0.449222161428860E+05
0.274000000000160E-06 0.412260000000239E+03  0.609949052100710E+05  0.487653173039927E+05
0.276000000000163E-06 0.415240000000243E+03  0.534968144836725E+05  0.518303705465118E+05
0.278000000000165E-06 0.418220000000246E+03  0.607669911189534E+05  0.637052019623915E+05
0.280000000000167E-06 0.421200000000249E+03  0.651808264300756E+05  0.640065474338890E+05
0.282000000000170E-06 0.424180000000253E+03  0.528647431331902E+05  0.570847338575733E+05
0.284000000000172E-06 0.427160000000256E+03  0.656748580036005E+05  0.689554445243666E+05
0.286000000000174E-06 0.430140000000259E+03  0.596425573613050E+05  0.764784630648785E+05
0.288000000000176E-06 0.433120000000263E+03  0.612397922762477E+05  0.615028605693851E+05
0.290000000000179E-06 0.436100000000266E+03  0.596667772771072E+05  0.562975041970623E+05
0.292000000000181E-06 0.439080000000269E+03  0.583886623632559E+05  0.570091124817752E+05
0.294000000000183E-06 0.442060000000273E+03  0.613395322838655E+05  0.551781866743640E+05
0.296000000000185E-06 0.445040000000276E+03  0.636591401971590E+05  0.456740498174009E+05
0.298000000000188E-06 0.448020000000280E+03  0.559797097002786E+05  0.514673930739760E+05
0.300000000000190E-06 0.451000000000283E+03  0.556647945435893E+05  0.506248418839807E+05
0.302000000000192E-06 0.453980000000286E+03  0.577755423926922E+05  0.512813827534871E+05
0.304000000000194E-06 0.456960000000290E+03  0.571766388942934E+05  0.629156699405520E+05
0.306000000000197E-06 0.459940000000293E+03  0.555878022963232E+05  0.490416130712472E+05
0.308000000000199E-06 0.462920000000297E+03  0.664523529034018E+05  0.701546463105965E+05
0.310000000000201E-06 0.465900000000300E+03  0.627333045970482E+05  0.691000650615905E+05
0.312000000000204E-06 0.468880000000303E+03  0.596784711318117E+05  0.601323200786369E+05
0.314000000000206E-06 0.471860000000307E+03  0.564428850531952E+05  0.608778742008577E+05
0.316000000000208E-06 0.474840000000310E+03  0.600583976259145E+05  0.399188406158875E+05
0.318000000000210E-06 0.477820000000313E+03  0.569780125591452E+05  0.538027902787738E+05
0.320000000000213E-06 0.480800000000317E+03  0.429583181373376E+05  0.541159840448718E+05
0.322000000000215E-06 0.483780000000320E+03  0.430313885469609E+05  0.538380554763872E+05
0.324000000000217E-06 0.486760000000324E+03  0.465184632785947E+05  0.551014800620104E+05
0.326000000000219E-06 0.489740000000327E+03  0.474417912167902E+05  0.471613203561812E+05
0.328000000000222E-06 0.492720000000330E+03  0.433409490782344E+05  0.503096018908466E+05
0.330000000000224E-06 0.495700000000334E+03  0.408251543105828E+05  0.536564620892000E+05
0.332000000000226E-06 0.498680000000337E+03  0.351944461742630E+05  0.457141554237285E+05
0.334000000000228E-06 0.501660000000340E+03  0.356256317888801E+05  0.451714221236606E+05
0.336000000000231E-06 0.504640000000344E+03  0.507102395067806E+05  0.389811381989843E+05
0.338000000000233E-06 0.507620000000347E+03  0.468875035065972E+05  0.360458190252147E+05
0.340000000000235E-06 0.510600000000351E+03  0.535063752460460E+05  0.419905173024180E+05
0.342000000000238E-06 0.513580000000354E+03  0.548599565486989E+05  0.478110568261335E+05
0.344000000000240E-06 0.516560000000357E+03  0.578658213312709E+05  0.631558973646916E+05
0.346000000000242E-06 0.519540000000361E+03  0.474813962548469E+05  0.439225459611758E+05
0.348000000000244E-06 0.522520000000364E+03  0.438329895705611E+05  0.358174376534074E+05
0.350000000000247E-06 0.525500000000368E+03  0.491970905749269E+05  0.310900842865364E+05
0.352000000000249E-06 0.528480000000371E+03  0.502980419449312E+05  0.348149044189255E+05
0.354000000000251E-06 0.531460000000374E+03  0.472360361387613E+05  0.349412229760190E+05
0.356000000000253E-06 0.534440000000378E+03  0.509200002643521E+05  0.302306311703304E+05
0.358000000000256E-06 0.537420000000381E+03  0.442594840805664E+05  0.443734954968395E+05
0.360000000000258E-06 0.540400000000384E+03  0.401457666437185E+05  0.391055457201727E+05
0.362000000000260E-06 0.543380000000388E+03  0.366218469680124E+05  0.343626895472390E+05
0.364000000000263E-06 0.546360000000391E+03  0.487059526285390E+05  0.244851574692388E+05
0.366000000000265E-06 0.549340000000395E+03  0.479483056875896E+05  0.289344825134639E+05
0.368000000000267E-06 0.552320000000398E+03  0.565924608251169E+05  0.366205133719106E+05
0.370000000000269E-06 0.555300000000401E+03  0.397781886253671E+05  0.412350556104376E+05
0.372000000000272E-06 0.558280000000405E+03  0.455583485948680E+05  0.363995072932666E+05
0.374000000000274E-06 0.561260000000408E+03  0.336291343055160E+05  0.326084843975914E+05
0.376000000000276E-06 0.564240000000411E+03  0.405980788952596E+05  0.293088515850018E+05
0.378000000000278E-06 0.567220000000415E+03  0.392401100838679E+05  0.419352957993532E+05
0.380000000000281E-06 0.570200000000418E+03  0.344601406630265E+05  0.347632903382094E+05
0.382000000000283E-06 0.573180000000422E+03  0.412354907291801E+05  0.447224243541534E+05
0.384000000000285E-06 0.576160000000425E+03  0.395769566714803E+05  0.426117695456078E+05
0.386000000000287E-06 0.579140000000428E+03  0.484641833150397E+05  0.314614999700109E+05
0.388000000000290E-06 0.582120000000432E+03  0.331313535539917E+05  0.199469942037438E+05
0.390000000000292E-06 0.585100000000435E+03  0.514515886158957E+05  0.369539623591928E+05
0.392000000000294E-06 0.588080000000439E+03  0.425088644318425E+05  0.336619135705692E+05
0.394000000000297E-06 0.591060000000442E+03  0.464659818631676E+05  0.304210625546554E+05
0.396000000000299E-06 0.594040000000445E+03  0.437299717987055E+05  0.369047441671724E+05
0.398000000000301E-06 0.597020000000449E+03  0.339408601644019E+05  0.392963983326548E+05
0.400000000000303E-06 0.600000000000452E+03  0.333431163132740E+05  0.247426336835776E+05
