#  MCS   M-mean   M-sdt Γθ-mean  Γθ-std δθ-mean  δθ-std
     0   0.0878  0.0207  0.5383  0.0149  0.6283  0.0000
     1   0.1527  0.0208  0.5132  0.0152  0.5027  0.0000
     2   0.2038  0.0203  0.5134  0.0169  0.4021  0.0000
     3   0.2437  0.0200  0.5184  0.0148  0.3217  0.0000
     4   0.2752  0.0195  0.5334  0.0145  0.2574  0.0000
     5   0.3003  0.0192  0.5523  0.0149  0.2059  0.0000
     6   0.3200  0.0189  0.5737  0.0164  0.1647  0.0000
     7   0.3355  0.0188  0.5963  0.0163  0.1318  0.0000
     8   0.3478  0.0185  0.6253  0.0150  0.1054  0.0000
     9   0.3574  0.0184  0.6518  0.0147  0.0845  0.0021
    10   0.3648  0.0184  0.6766  0.0161  0.0756  0.0090
    11   0.3714  0.0185  0.6895  0.0195  0.0707  0.0076
    12   0.3774  0.0185  0.6990  0.0190  0.0700  0.0075
    13   0.3834  0.0186  0.7031  0.0184  0.0706  0.0081
    14   0.3894  0.0186  0.7014  0.0192  0.0699  0.0067
    15   0.3953  0.0186  0.7026  0.0183  0.0703  0.0078
    16   0.4013  0.0187  0.7017  0.0187  0.0705  0.0075
    17   0.4072  0.0187  0.7021  0.0170  0.0698  0.0070
    18   0.4131  0.0188  0.7049  0.0158  0.0710  0.0071
    19   0.4191  0.0188  0.7007  0.0183  0.0707  0.0073
    20   0.4250  0.0190  0.7021  0.0206  0.0713  0.0075
    21   0.4309  0.0192  0.7016  0.0179  0.0717  0.0076
    22   0.4369  0.0193  0.6977  0.0196  0.0704  0.0073
    23   0.4427  0.0194  0.7044  0.0173  0.0716  0.0075
    24   0.4486  0.0196  0.7035  0.0187  0.0727  0.0077
    25   0.4545  0.0197  0.7037  0.0198  0.0732  0.0077
    26   0.4605  0.0197  0.7025  0.0205  0.0736  0.0073
    27   0.4665  0.0197  0.7013  0.0188  0.0740  0.0077
    28   0.4725  0.0197  0.7014  0.0161  0.0745  0.0067
    29   0.4785  0.0196  0.7005  0.0161  0.0750  0.0079
    30   0.4845  0.0196  0.7028  0.0192  0.0757  0.0079
    31   0.4906  0.0197  0.6991  0.0184  0.0748  0.0074
    32   0.4966  0.0197  0.7008  0.0186  0.0745  0.0075
    33   0.5025  0.0197  0.7025  0.0177  0.0750  0.0069
    34   0.5084  0.0197  0.7040  0.0207  0.0756  0.0077
    35   0.5142  0.0199  0.7017  0.0165  0.0762  0.0081
    36   0.5202  0.0200  0.7024  0.0190  0.0768  0.0086
    37   0.5261  0.0201  0.7028  0.0212  0.0776  0.0078
    38   0.5321  0.0202  0.7013  0.0204  0.0788  0.0083
    39   0.5381  0.0202  0.6979  0.0195  0.0781  0.0077
    40   0.5440  0.0203  0.7050  0.0170  0.0793  0.0077
    41   0.5501  0.0202  0.7011  0.0173  0.0795  0.0082
    42   0.5561  0.0203  0.7026  0.0181  0.0801  0.0081
    43   0.5621  0.0203  0.6983  0.0183  0.0791  0.0075
    44   0.5680  0.0203  0.7017  0.0188  0.0793  0.0074
    45   0.5740  0.0202  0.7063  0.0186  0.0808  0.0077
    46   0.5799  0.0202  0.7027  0.0183  0.0815  0.0084
    47   0.5859  0.0204  0.7053  0.0196  0.0830  0.0089
    48   0.5919  0.0205  0.6969  0.0196  0.0818  0.0084
    49   0.5978  0.0205  0.7040  0.0197  0.0829  0.0080
    50   0.6037  0.0205  0.7014  0.0168  0.0841  0.0079
    51   0.6096  0.0205  0.7014  0.0171  0.0846  0.0093
    52   0.6156  0.0206  0.7030  0.0208  0.0852  0.0090
    53   0.6216  0.0206  0.7018  0.0203  0.0856  0.0089
    54   0.6275  0.0206  0.7021  0.0198  0.0862  0.0084
    55   0.6334  0.0205  0.7005  0.0196  0.0852  0.0088
    56   0.6392  0.0205  0.7014  0.0195  0.0851  0.0083
    57   0.6449  0.0204  0.7034  0.0196  0.0857  0.0091
    58   0.6507  0.0204  0.7033  0.0182  0.0864  0.0083
    59   0.6564  0.0204  0.7052  0.0186  0.0877  0.0072
    60   0.6623  0.0203  0.7027  0.0174  0.0886  0.0079
    61   0.6681  0.0202  0.7052  0.0180  0.0901  0.0081
    62   0.6739  0.0201  0.7016  0.0160  0.0907  0.0091
    63   0.6797  0.0201  0.6996  0.0187  0.0904  0.0093
    64   0.6854  0.0201  0.6976  0.0177  0.0882  0.0083
    65   0.6909  0.0199  0.7062  0.0180  0.0906  0.0078
    66   0.6965  0.0197  0.7027  0.0171  0.0917  0.0091
    67   0.7021  0.0196  0.7033  0.0201  0.0929  0.0087
    68   0.7078  0.0195  0.7018  0.0197  0.0928  0.0094
    69   0.7134  0.0195  0.7019  0.0208  0.0930  0.0081
    70   0.7190  0.0193  0.7046  0.0215  0.0949  0.0102
    71   0.7246  0.0192  0.7015  0.0204  0.0950  0.0098
    72   0.7302  0.0190  0.7012  0.0207  0.0955  0.0092
    73   0.7357  0.0189  0.7013  0.0177  0.0958  0.0094
    74   0.7412  0.0187  0.7021  0.0213  0.0963  0.0092
    75   0.7467  0.0185  0.7043  0.0183  0.0996  0.0091
    76   0.7523  0.0184  0.6992  0.0189  0.0995  0.0097
    77   0.7577  0.0183  0.6997  0.0211  0.0988  0.0103
    78   0.7631  0.0182  0.7053  0.0207  0.1004  0.0090
    79   0.7685  0.0180  0.6965  0.0211  0.0967  0.0092
    80   0.7735  0.0178  0.7092  0.0198  0.1004  0.0095
    81   0.7788  0.0177  0.7029  0.0195  0.1014  0.0101
    82   0.7840  0.0176  0.7027  0.0221  0.1016  0.0101
    83   0.7890  0.0174  0.7018  0.0193  0.1026  0.0108
    84   0.7940  0.0173  0.7011  0.0197  0.1027  0.0105
    85   0.7990  0.0173  0.7042  0.0203  0.1052  0.0096
    86   0.8040  0.0171  0.7003  0.0191  0.1056  0.0095
    87   0.8090  0.0170  0.7006  0.0186  0.1055  0.0105
    88   0.8138  0.0167  0.7013  0.0196  0.1057  0.0104
    89   0.8187  0.0165  0.7032  0.0211  0.1076  0.0103
    90   0.8235  0.0165  0.7013  0.0191  0.1094  0.0105
    91   0.8284  0.0163  0.7001  0.0216  0.1081  0.0097
    92   0.8330  0.0161  0.7033  0.0194  0.1097  0.0100
    93   0.8377  0.0158  0.7038  0.0210  0.1117  0.0117
    94   0.8423  0.0156  0.6976  0.0212  0.1095  0.0099
    95   0.8468  0.0154  0.7016  0.0196  0.1097  0.0096
    96   0.8511  0.0152  0.7032  0.0213  0.1109  0.0104
    97   0.8554  0.0150  0.7027  0.0213  0.1111  0.0104
    98   0.8596  0.0148  0.7051  0.0210  0.1133  0.0102
   100   0.8638  0.0146  0.7010  0.0207  0.1140  0.0114
