#                t(s)                  T(K)             M_ZFC(A/m)              M_FC(A/m)
0.200000000000000E-08 0.698000000000000E+01  0.180745489036159E+05  0.283976515871089E+06
0.400000000000002E-08 0.996000000000003E+01  0.184735348425609E+05  0.284702504054344E+06
0.599999999999997E-08 0.129400000000000E+02  0.184324404915754E+05  0.284503722750367E+06
0.799999999999992E-08 0.159199999999999E+02  0.186510018502498E+05  0.283921012373320E+06
0.999999999999988E-08 0.188999999999998E+02  0.180843095399737E+05  0.283520050189759E+06
0.119999999999998E-07 0.218799999999997E+02  0.164665529579513E+05  0.283467510386163E+06
0.139999999999998E-07 0.248599999999997E+02  0.166180353554901E+05  0.282837917331982E+06
0.159999999999999E-07 0.278399999999999E+02  0.171001468260439E+05  0.281967253962947E+06
0.180000000000002E-07 0.308200000000003E+02  0.182460565809627E+05  0.282247808550422E+06
0.200000000000005E-07 0.338000000000007E+02  0.172987578165593E+05  0.283873201135404E+06
0.220000000000008E-07 0.367800000000011E+02  0.182993046912541E+05  0.283224061888186E+06
0.240000000000010E-07 0.397600000000016E+02  0.170184120310799E+05  0.282660638785908E+06
0.260000000000013E-07 0.427400000000020E+02  0.186852357871807E+05  0.283639889636984E+06
0.280000000000016E-07 0.457200000000024E+02  0.151760055537553E+05  0.282461704554921E+06
0.300000000000018E-07 0.487000000000027E+02  0.172491430457738E+05  0.282759711228039E+06
0.320000000000014E-07 0.516800000000022E+02  0.196372212640103E+05  0.282193693040096E+06
0.340000000000011E-07 0.546600000000016E+02  0.189966818146495E+05  0.280845433670408E+06
0.360000000000007E-07 0.576400000000010E+02  0.180336684250361E+05  0.278570946138572E+06
0.380000000000003E-07 0.606200000000005E+02  0.156287402137422E+05  0.279869134927503E+06
0.399999999999999E-07 0.635999999999999E+02  0.156140242600470E+05  0.281438676640461E+06
0.419999999999995E-07 0.665799999999993E+02  0.161866486870355E+05  0.280897156260605E+06
0.439999999999992E-07 0.695599999999988E+02  0.177227051578858E+05  0.280458140731033E+06
0.459999999999988E-07 0.725399999999982E+02  0.161545481361964E+05  0.281174474021492E+06
0.479999999999984E-07 0.755199999999976E+02  0.188279673019196E+05  0.279678747393504E+06
0.499999999999980E-07 0.784999999999971E+02  0.173216835780346E+05  0.278193170238170E+06
0.519999999999977E-07 0.814799999999965E+02  0.197935542476284E+05  0.277825171055307E+06
0.539999999999973E-07 0.844599999999959E+02  0.158589188522156E+05  0.278283457351162E+06
0.559999999999969E-07 0.874399999999954E+02  0.214597121761138E+05  0.279536846035741E+06
0.579999999999965E-07 0.904199999999948E+02  0.150647728914094E+05  0.279262335164581E+06
0.599999999999961E-07 0.933999999999943E+02  0.170225706988238E+05  0.277937866221415E+06
0.619999999999958E-07 0.963799999999937E+02  0.164227030791375E+05  0.278028847909177E+06
0.639999999999954E-07 0.993599999999931E+02  0.182169418650213E+05  0.276540783558361E+06
0.659999999999950E-07 0.102339999999993E+03  0.195361193200117E+05  0.274391613330316E+06
0.679999999999946E-07 0.105319999999992E+03  0.186509158099650E+05  0.272395533958846E+06
0.699999999999942E-07 0.108299999999991E+03  0.180669866772423E+05  0.275570979870498E+06
0.719999999999939E-07 0.111279999999991E+03  0.152843260584519E+05  0.277873800886923E+06
0.739999999999935E-07 0.114259999999990E+03  0.192595379170553E+05  0.279653020270316E+06
0.759999999999931E-07 0.117239999999990E+03  0.202660133396677E+05  0.273742589367943E+06
0.779999999999927E-07 0.120219999999989E+03  0.194702189886050E+05  0.278995084196248E+06
0.799999999999924E-07 0.123199999999989E+03  0.189798014999069E+05  0.277821969443697E+06
0.819999999999920E-07 0.126179999999988E+03  0.207500908519048E+05  0.272289554416115E+06
0.839999999999916E-07 0.129159999999987E+03  0.167475268015181E+05  0.272923634030518E+06
0.859999999999912E-07 0.132139999999987E+03  0.181736326179085E+05  0.276157137155158E+06
0.879999999999908E-07 0.135119999999986E+03  0.146086459882380E+05  0.274446895652881E+06
0.899999999999905E-07 0.138099999999986E+03  0.190200106086672E+05  0.272933089159973E+06
0.919999999999901E-07 0.141079999999985E+03  0.177757462056643E+05  0.270571641973954E+06
0.939999999999897E-07 0.144059999999985E+03  0.147208052758100E+05  0.273878284239989E+06
0.959999999999893E-07 0.147039999999984E+03  0.185129550000999E+05  0.275090678808168E+06
0.979999999999889E-07 0.150019999999984E+03  0.220835579990029E+05  0.273707541428115E+06
0.999999999999886E-07 0.152999999999983E+03  0.197568706993159E+05  0.269979087567273E+06
0.101999999999988E-06 0.155979999999982E+03  0.197120599652944E+05  0.271969803042645E+06
0.103999999999988E-06 0.158959999999982E+03  0.134577299589503E+05  0.274186283047559E+06
0.105999999999987E-06 0.161939999999981E+03  0.199072906530752E+05  0.273311110464148E+06
0.107999999999987E-06 0.164919999999981E+03  0.149364169789670E+05  0.270256095772972E+06
0.109999999999987E-06 0.167899999999980E+03  0.180078550718279E+05  0.268328000294684E+06
0.111999999999986E-06 0.170879999999980E+03  0.225216629951351E+05  0.270744310150032E+06
0.113999999999986E-06 0.173859999999979E+03  0.229097030708430E+05  0.272098345112103E+06
0.115999999999986E-06 0.176839999999978E+03  0.185881433826633E+05  0.276326525311633E+06
0.117999999999985E-06 0.179819999999978E+03  0.185064975745953E+05  0.272426147835124E+06
0.119999999999986E-06 0.182799999999979E+03  0.221765533759701E+05  0.266126562920086E+06
0.121999999999988E-06 0.185779999999982E+03  0.160599830238974E+05  0.266270451682780E+06
0.123999999999990E-06 0.188759999999986E+03  0.216593624891747E+05  0.272834152288106E+06
0.125999999999993E-06 0.191739999999989E+03  0.218504375353215E+05  0.267714758103487E+06
0.127999999999995E-06 0.194719999999992E+03  0.232297554748449E+05  0.269005992998048E+06
0.129999999999997E-06 0.197699999999996E+03  0.202551844384150E+05  0.266404610352322E+06
0.131999999999999E-06 0.200679999999999E+03  0.264593733516171E+05  0.264121853822810E+06
0.134000000000002E-06 0.203660000000003E+03  0.217309644876721E+05  0.270272579502431E+06
0.136000000000004E-06 0.206640000000006E+03  0.252513939104536E+05  0.263330906042373E+06
0.138000000000006E-06 0.209620000000009E+03  0.166067516447207E+05  0.272289202921038E+06
0.140000000000009E-06 0.212600000000013E+03  0.168465059989856E+05  0.260114616349531E+06
0.142000000000011E-06 0.215580000000016E+03  0.245840651027852E+05  0.263018994730631E+06
0.144000000000013E-06 0.218560000000019E+03  0.252340107250965E+05  0.263099541492360E+06
0.146000000000015E-06 0.221540000000023E+03  0.285464290818598E+05  0.263238425474433E+06
0.148000000000018E-06 0.224520000000026E+03  0.213433715862340E+05  0.266302123910511E+06
0.150000000000020E-06 0.227500000000030E+03  0.299906838880577E+05  0.257481196285315E+06
0.152000000000022E-06 0.230480000000033E+03  0.246654299211313E+05  0.262389751417359E+06
0.154000000000024E-06 0.233460000000036E+03  0.289745156239191E+05  0.258380430704965E+06
0.156000000000027E-06 0.236440000000040E+03  0.248593121410691E+05  0.256588607683337E+06
0.158000000000029E-06 0.239420000000043E+03  0.316549520574633E+05  0.254278693894692E+06
0.160000000000031E-06 0.242400000000046E+03  0.319557632595650E+05  0.251066254666508E+06
0.162000000000033E-06 0.245380000000050E+03  0.324013023264171E+05  0.251056885017106E+06
0.164000000000036E-06 0.248360000000053E+03  0.346362302721904E+05  0.249215435449782E+06
0.166000000000038E-06 0.251340000000057E+03  0.358412013769743E+05  0.247729624917747E+06
0.168000000000040E-06 0.254320000000060E+03  0.339643397746423E+05  0.241670269739183E+06
0.170000000000043E-06 0.257300000000063E+03  0.407447641473255E+05  0.235246919766430E+06
0.172000000000045E-06 0.260280000000067E+03  0.443712390508168E+05  0.235914850404627E+06
0.174000000000047E-06 0.263260000000070E+03  0.460244253587086E+05  0.223574814639533E+06
0.176000000000049E-06 0.266240000000074E+03  0.432282881354739E+05  0.224025254004343E+06
0.178000000000052E-06 0.269220000000077E+03  0.454145683678374E+05  0.219948917032970E+06
0.180000000000054E-06 0.272200000000080E+03  0.458040908026180E+05  0.217712513524901E+06
0.182000000000056E-06 0.275180000000084E+03  0.423118689502558E+05  0.220470415488534E+06
0.184000000000058E-06 0.278160000000087E+03  0.382508579491567E+05  0.210952827796170E+06
0.186000000000061E-06 0.281140000000090E+03  0.482893011412913E+05  0.205270105290895E+06
0.188000000000063E-06 0.284120000000094E+03  0.439972737979477E+05  0.207397298400944E+06
0.190000000000065E-06 0.287100000000097E+03  0.475319926274535E+05  0.203312391696152E+06
0.192000000000067E-06 0.290080000000101E+03  0.528353613236077E+05  0.193820286670283E+06
0.194000000000070E-06 0.293060000000104E+03  0.452005595697543E+05  0.188693740744281E+06
0.196000000000072E-06 0.296040000000107E+03  0.503939397367860E+05  0.181796625032860E+06
0.198000000000074E-06 0.299020000000111E+03  0.472288737079001E+05  0.181608551778741E+06
0.200000000000077E-06 0.302000000000114E+03  0.484224428365498E+05  0.186519406569459E+06
0.202000000000079E-06 0.304980000000117E+03  0.472709783278838E+05  0.170099246957374E+06
0.204000000000081E-06 0.307960000000121E+03  0.491488196800661E+05  0.171331050868667E+06
0.206000000000083E-06 0.310940000000124E+03  0.446303232553482E+05  0.164922724753529E+06
0.208000000000086E-06 0.313920000000128E+03  0.571995897975164E+05  0.161888949086454E+06
0.210000000000088E-06 0.316900000000131E+03  0.590366240602088E+05  0.152756315485296E+06
0.212000000000090E-06 0.319880000000134E+03  0.484526179196472E+05  0.156314565174230E+06
0.214000000000092E-06 0.322860000000138E+03  0.608830952821109E+05  0.159904533784187E+06
0.216000000000095E-06 0.325840000000141E+03  0.600864607002832E+05  0.150313258373175E+06
0.218000000000097E-06 0.328820000000144E+03  0.642065504958428E+05  0.144149675958341E+06
0.220000000000099E-06 0.331800000000148E+03  0.627301041839118E+05  0.139646705246938E+06
0.222000000000101E-06 0.334780000000151E+03  0.655990889137912E+05  0.134657985761623E+06
0.224000000000104E-06 0.337760000000155E+03  0.659737859768318E+05  0.128026443759594E+06
0.226000000000106E-06 0.340740000000158E+03  0.651281304615614E+05  0.123621780781377E+06
0.228000000000108E-06 0.343720000000161E+03  0.653203085291336E+05  0.130960283681445E+06
0.230000000000111E-06 0.346700000000165E+03  0.715661240008790E+05  0.115721108616619E+06
0.232000000000113E-06 0.349680000000168E+03  0.672050819776006E+05  0.106701815215971E+06
0.234000000000115E-06 0.352660000000171E+03  0.681977691071516E+05  0.109041183428714E+06
0.236000000000117E-06 0.355640000000175E+03  0.628639058039520E+05  0.968152077465590E+05
0.238000000000120E-06 0.358620000000178E+03  0.667349272947215E+05  0.927507298259430E+05
0.240000000000122E-06 0.361600000000182E+03  0.685644144218256E+05  0.893769793330347E+05
0.242000000000124E-06 0.364580000000185E+03  0.624997296817955E+05  0.861169252356345E+05
0.244000000000126E-06 0.367560000000188E+03  0.689172268108310E+05  0.874933471181898E+05
0.246000000000129E-06 0.370540000000192E+03  0.654687608678001E+05  0.850708166517396E+05
0.248000000000131E-06 0.373520000000195E+03  0.649171632014557E+05  0.872659806884959E+05
0.250000000000133E-06 0.376500000000198E+03  0.628067960183989E+05  0.858517703542990E+05
0.252000000000136E-06 0.379480000000202E+03  0.664045987220564E+05  0.741837665785572E+05
0.254000000000138E-06 0.382460000000205E+03  0.701308405400786E+05  0.767430801023931E+05
0.256000000000140E-06 0.385440000000209E+03  0.663613881475386E+05  0.746435657494351E+05
0.258000000000142E-06 0.388420000000212E+03  0.648239068651389E+05  0.703517514532393E+05
0.260000000000145E-06 0.391400000000215E+03  0.658893161676530E+05  0.591306916391898E+05
0.262000000000147E-06 0.394380000000219E+03  0.575719502919033E+05  0.612821385676867E+05
0.264000000000149E-06 0.397360000000222E+03  0.596846412998617E+05  0.576192098705591E+05
0.266000000000151E-06 0.400340000000226E+03  0.706386506642289E+05  0.531516782823229E+05
0.268000000000154E-06 0.403320000000229E+03  0.650132233302423E+05  0.511084460885880E+05
0.270000000000156E-06 0.406300000000232E+03  0.636216257306788E+05  0.565440985514642E+05
0.272000000000158E-06 0.409280000000236E+03  0.599619931125085E+05  0.675551835169914E+05
0.274000000000160E-06 0.412260000000239E+03  0.648130875826009E+05  0.605774136513810E+05
0.276000000000163E-06 0.415240000000243E+03  0.604934876741380E+05  0.644204405526651E+05
0.278000000000165E-06 0.418220000000246E+03  0.600845529053907E+05  0.603059475531095E+05
0.280000000000167E-06 0.421200000000249E+03  0.661234567996825E+05  0.625762252946796E+05
0.282000000000170E-06 0.424180000000253E+03  0.742293469959097E+05  0.562864369605643E+05
0.284000000000172E-06 0.427160000000256E+03  0.666117385999808E+05  0.570959154373436E+05
0.286000000000174E-06 0.430140000000259E+03  0.677585550355774E+05  0.604732969730001E+05
0.288000000000176E-06 0.433120000000263E+03  0.739857005045311E+05  0.535268869150491E+05
0.290000000000179E-06 0.436100000000266E+03  0.704793575637869E+05  0.521796035356983E+05
0.292000000000181E-06 0.439080000000269E+03  0.666562457045595E+05  0.566235726621940E+05
0.294000000000183E-06 0.442060000000273E+03  0.569397572707955E+05  0.545624425329842E+05
0.296000000000185E-06 0.445040000000276E+03  0.623617024691829E+05  0.661599771272427E+05
0.298000000000188E-06 0.448020000000280E+03  0.513321266706054E+05  0.611513822698677E+05
0.300000000000190E-06 0.451000000000283E+03  0.557627842311278E+05  0.619420202019266E+05
0.302000000000192E-06 0.453980000000286E+03  0.462994118644154E+05  0.675344449232821E+05
0.304000000000194E-06 0.456960000000290E+03  0.533522197827939E+05  0.595202829502349E+05
0.306000000000197E-06 0.459940000000293E+03  0.478992483716750E+05  0.526025484598294E+05
0.308000000000199E-06 0.462920000000297E+03  0.627066606920904E+05  0.511497786044278E+05
0.310000000000201E-06 0.465900000000300E+03  0.562587343266419E+05  0.588833383861136E+05
0.312000000000204E-06 0.468880000000303E+03  0.519043231078588E+05  0.613491528441764E+05
0.314000000000206E-06 0.471860000000307E+03  0.478076470722624E+05  0.510323695267423E+05
0.316000000000208E-06 0.474840000000310E+03  0.410644671418542E+05  0.410703687191041E+05
0.318000000000210E-06 0.477820000000313E+03  0.410870868662520E+05  0.528831730476226E+05
0.320000000000213E-06 0.480800000000317E+03  0.408335789019893E+05  0.581708878124136E+05
0.322000000000215E-06 0.483780000000320E+03  0.390483068317942E+05  0.589863261320612E+05
0.324000000000217E-06 0.486760000000324E+03  0.303257462410121E+05  0.529898782529341E+05
0.326000000000219E-06 0.489740000000327E+03  0.411556814364911E+05  0.453504871121715E+05
0.328000000000222E-06 0.492720000000330E+03  0.510950781719615E+05  0.411341706363689E+05
0.330000000000224E-06 0.495700000000334E+03  0.558185018268491E+05  0.465004422039183E+05
0.332000000000226E-06 0.498680000000337E+03  0.517459719158264E+05  0.350135796632696E+05
0.334000000000228E-06 0.501660000000340E+03  0.481577822174630E+05  0.436733712434934E+05
0.336000000000231E-06 0.504640000000344E+03  0.390238569186765E+05  0.445075366472246E+05
0.338000000000233E-06 0.507620000000347E+03  0.347551700203167E+05  0.328926318698321E+05
0.340000000000235E-06 0.510600000000351E+03  0.301525319765401E+05  0.354328488235407E+05
0.342000000000238E-06 0.513580000000354E+03  0.252830980444955E+05  0.337709526879548E+05
0.344000000000240E-06 0.516560000000357E+03  0.362465483329133E+05  0.383162730161544E+05
0.346000000000242E-06 0.519540000000361E+03  0.234861815528132E+05  0.324272315388855E+05
0.348000000000244E-06 0.522520000000364E+03  0.359692895049011E+05  0.268567290452415E+05
0.350000000000247E-06 0.525500000000368E+03  0.383461544293900E+05  0.340048154682107E+05
0.352000000000249E-06 0.528480000000371E+03  0.375766220963712E+05  0.306459893096541E+05
0.354000000000251E-06 0.531460000000374E+03  0.521394093434727E+05  0.315302296622493E+05
0.356000000000253E-06 0.534440000000378E+03  0.419303224029032E+05  0.423460479697180E+05
0.358000000000256E-06 0.537420000000381E+03  0.373530169304305E+05  0.434656523493702E+05
0.360000000000258E-06 0.540400000000384E+03  0.379085553085563E+05  0.325512337839877E+05
0.362000000000260E-06 0.543380000000388E+03  0.334851959042146E+05  0.366031282843075E+05
0.364000000000263E-06 0.546360000000391E+03  0.368322413263074E+05  0.343731816702859E+05
0.366000000000265E-06 0.549340000000395E+03  0.471199380679780E+05  0.272622131982624E+05
0.368000000000267E-06 0.552320000000398E+03  0.407035504158695E+05  0.298192931291249E+05
0.370000000000269E-06 0.555300000000401E+03  0.402529939321367E+05  0.252213787009433E+05
0.372000000000272E-06 0.558280000000405E+03  0.285236841579433E+05  0.170972489625915E+05
0.374000000000274E-06 0.561260000000408E+03  0.266386832187088E+05  0.323181392369299E+05
0.376000000000276E-06 0.564240000000411E+03  0.271719827255631E+05  0.420780359744910E+05
0.378000000000278E-06 0.567220000000415E+03  0.427140691638983E+05  0.302149796629135E+05
0.380000000000281E-06 0.570200000000418E+03  0.402520177003670E+05  0.374174843443899E+05
0.382000000000283E-06 0.573180000000422E+03  0.382549452955764E+05  0.294603482734504E+05
0.384000000000285E-06 0.576160000000425E+03  0.417171398388904E+05  0.268389561403792E+05
0.386000000000287E-06 0.579140000000428E+03  0.407306407331776E+05  0.212047452040432E+05
0.388000000000290E-06 0.582120000000432E+03  0.330226293749142E+05  0.315706056072447E+05
0.390000000000292E-06 0.585100000000435E+03  0.274320764940702E+05  0.136003423965766E+05
0.392000000000294E-06 0.588080000000439E+03  0.249935162370430E+05  0.359878415037341E+05
0.394000000000297E-06 0.591060000000442E+03  0.214942492693346E+05  0.439280114738873E+05
0.396000000000299E-06 0.594040000000445E+03  0.344402423580836E+05  0.403166520837873E+05
0.398000000000301E-06 0.597020000000449E+03  0.413954714061986E+05  0.322429543528569E+05
0.400000000000303E-06 0.600000000000452E+03  0.450146802840252E+05  0.419331028126810E+05
