#                t(s)                  T(K)             M_ZFC(A/m)              M_FC(A/m)
0.200000000000000E-08 0.698000000000000E+01  0.256724888621157E+05  0.299425396432996E+06
0.400000000000002E-08 0.996000000000003E+01  0.250906953857968E+05  0.298020056519453E+06
0.599999999999997E-08 0.129400000000000E+02  0.262483285036801E+05  0.298162342743572E+06
0.799999999999992E-08 0.159199999999999E+02  0.269916569742474E+05  0.296437247169935E+06
0.999999999999988E-08 0.188999999999998E+02  0.261591024292295E+05  0.297388267990067E+06
0.119999999999998E-07 0.218799999999997E+02  0.273794154634326E+05  0.296447753820578E+06
0.139999999999998E-07 0.248599999999997E+02  0.263233283888379E+05  0.296962990327896E+06
0.159999999999999E-07 0.278399999999999E+02  0.271937363472678E+05  0.296995725021616E+06
0.180000000000002E-07 0.308200000000003E+02  0.261255641648578E+05  0.295537309388864E+06
0.200000000000005E-07 0.338000000000007E+02  0.264560896396350E+05  0.296059799066353E+06
0.220000000000008E-07 0.367800000000011E+02  0.256521727560993E+05  0.294713779091811E+06
0.240000000000010E-07 0.397600000000016E+02  0.268091786130794E+05  0.296044236795069E+06
0.260000000000013E-07 0.427400000000020E+02  0.250649544400370E+05  0.297085836002362E+06
0.280000000000016E-07 0.457200000000024E+02  0.279409037028681E+05  0.293354417614500E+06
0.300000000000018E-07 0.487000000000027E+02  0.275446924303473E+05  0.292374317800144E+06
0.320000000000014E-07 0.516800000000022E+02  0.274425041513673E+05  0.293551250743126E+06
0.340000000000011E-07 0.546600000000016E+02  0.256757867127410E+05  0.294145497781493E+06
0.360000000000007E-07 0.576400000000010E+02  0.275586249063082E+05  0.292529747833891E+06
0.380000000000003E-07 0.606200000000005E+02  0.263579809890204E+05  0.294735005013472E+06
0.399999999999999E-07 0.635999999999999E+02  0.285560271549349E+05  0.295160420467399E+06
0.419999999999995E-07 0.665799999999993E+02  0.258690819487676E+05  0.295521162954226E+06
0.439999999999992E-07 0.695599999999988E+02  0.271135611124112E+05  0.293076927003977E+06
0.459999999999988E-07 0.725399999999982E+02  0.261589386610829E+05  0.294033384251100E+06
0.479999999999984E-07 0.755199999999976E+02  0.260009344092830E+05  0.294295074557576E+06
0.499999999999980E-07 0.784999999999971E+02  0.246589815299743E+05  0.292246096498855E+06
0.519999999999977E-07 0.814799999999965E+02  0.246903777570615E+05  0.293373800873240E+06
0.539999999999973E-07 0.844599999999959E+02  0.246821650368169E+05  0.290696974455262E+06
0.559999999999969E-07 0.874399999999954E+02  0.247297864642654E+05  0.292175086680787E+06
0.579999999999965E-07 0.904199999999948E+02  0.254025456530461E+05  0.293664305261703E+06
0.599999999999961E-07 0.933999999999943E+02  0.260806959330318E+05  0.292072695740300E+06
0.619999999999958E-07 0.963799999999937E+02  0.241952820184351E+05  0.291014104765788E+06
0.639999999999954E-07 0.993599999999931E+02  0.253932345272551E+05  0.291131439538683E+06
0.659999999999950E-07 0.102339999999993E+03  0.260562275214198E+05  0.292294195880277E+06
0.679999999999946E-07 0.105319999999992E+03  0.243793177738278E+05  0.291880993498660E+06
0.699999999999942E-07 0.108299999999991E+03  0.232584378647380E+05  0.289114513826657E+06
0.719999999999939E-07 0.111279999999991E+03  0.238203268258808E+05  0.290621171475658E+06
0.739999999999935E-07 0.114259999999990E+03  0.275510694819106E+05  0.289070973523882E+06
0.759999999999931E-07 0.117239999999990E+03  0.218128401740963E+05  0.288381484420264E+06
0.779999999999927E-07 0.120219999999989E+03  0.296006615296147E+05  0.288672582290392E+06
0.799999999999924E-07 0.123199999999989E+03  0.227016835688343E+05  0.288254833655330E+06
0.819999999999920E-07 0.126179999999988E+03  0.272588194502280E+05  0.290536943296414E+06
0.839999999999916E-07 0.129159999999987E+03  0.234752259457217E+05  0.287019556997855E+06
0.859999999999912E-07 0.132139999999987E+03  0.273401271652061E+05  0.287498971305715E+06
0.879999999999908E-07 0.135119999999986E+03  0.272320308837292E+05  0.288327451097500E+06
0.899999999999905E-07 0.138099999999986E+03  0.263394563945527E+05  0.285188513037625E+06
0.919999999999901E-07 0.141079999999985E+03  0.254235241728759E+05  0.285872133664723E+06
0.939999999999897E-07 0.144059999999985E+03  0.291337505527314E+05  0.287212129570164E+06
0.959999999999893E-07 0.147039999999984E+03  0.243113265593952E+05  0.286457671994070E+06
0.979999999999889E-07 0.150019999999984E+03  0.299142463493750E+05  0.286073963443736E+06
0.999999999999886E-07 0.152999999999983E+03  0.303870456359137E+05  0.283121773991504E+06
0.101999999999988E-06 0.155979999999982E+03  0.263609462672949E+05  0.286520260682908E+06
0.103999999999988E-06 0.158959999999982E+03  0.206889787706745E+05  0.286085207359371E+06
0.105999999999987E-06 0.161939999999981E+03  0.237092030602950E+05  0.283882207928681E+06
0.107999999999987E-06 0.164919999999981E+03  0.237121725311084E+05  0.284190296505323E+06
0.109999999999987E-06 0.167899999999980E+03  0.248168646867477E+05  0.283669798414253E+06
0.111999999999986E-06 0.170879999999980E+03  0.302012779038442E+05  0.284788670187212E+06
0.113999999999986E-06 0.173859999999979E+03  0.248028245800840E+05  0.282965336695308E+06
0.115999999999986E-06 0.176839999999978E+03  0.298678934022590E+05  0.284015744294179E+06
0.117999999999985E-06 0.179819999999978E+03  0.251360543624688E+05  0.276745612212739E+06
0.119999999999986E-06 0.182799999999979E+03  0.281257902319568E+05  0.276348200821300E+06
0.121999999999988E-06 0.185779999999982E+03  0.262028916325773E+05  0.281079986142107E+06
0.123999999999990E-06 0.188759999999986E+03  0.253242970776024E+05  0.281868229124788E+06
0.125999999999993E-06 0.191739999999989E+03  0.298548138522234E+05  0.279245431774509E+06
0.127999999999995E-06 0.194719999999992E+03  0.285993540899467E+05  0.276131045957381E+06
0.129999999999997E-06 0.197699999999996E+03  0.323728951975121E+05  0.278983664751054E+06
0.131999999999999E-06 0.200679999999999E+03  0.268034903502995E+05  0.280530387711149E+06
0.134000000000002E-06 0.203660000000003E+03  0.291962063430629E+05  0.275315347493333E+06
0.136000000000004E-06 0.206640000000006E+03  0.277138438798366E+05  0.279238506556747E+06
0.138000000000006E-06 0.209620000000009E+03  0.320828316589483E+05  0.277448017775968E+06
0.140000000000009E-06 0.212600000000013E+03  0.297659803392522E+05  0.273646862057734E+06
0.142000000000011E-06 0.215580000000016E+03  0.287611995308048E+05  0.273815930653468E+06
0.144000000000013E-06 0.218560000000019E+03  0.297863405703077E+05  0.271954050704929E+06
0.146000000000015E-06 0.221540000000023E+03  0.377807641854625E+05  0.273591291450475E+06
0.148000000000018E-06 0.224520000000026E+03  0.350719720976169E+05  0.272405450683306E+06
0.150000000000020E-06 0.227500000000030E+03  0.319383319312123E+05  0.267198139512140E+06
0.152000000000022E-06 0.230480000000033E+03  0.341562808512724E+05  0.271923374856125E+06
0.154000000000024E-06 0.233460000000036E+03  0.379144004104346E+05  0.267559299162520E+06
0.156000000000027E-06 0.236440000000040E+03  0.327370783000815E+05  0.266147385946462E+06
0.158000000000029E-06 0.239420000000043E+03  0.350803383122831E+05  0.266228042933612E+06
0.160000000000031E-06 0.242400000000046E+03  0.355737698786006E+05  0.267010808847735E+06
0.162000000000033E-06 0.245380000000050E+03  0.491776950360963E+05  0.263968242030472E+06
0.164000000000036E-06 0.248360000000053E+03  0.411126852787982E+05  0.261543506829446E+06
0.166000000000038E-06 0.251340000000057E+03  0.393659032818269E+05  0.259269972239248E+06
0.168000000000040E-06 0.254320000000060E+03  0.352496464267896E+05  0.253546843957502E+06
0.170000000000043E-06 0.257300000000063E+03  0.454104835325514E+05  0.250156316553447E+06
0.172000000000045E-06 0.260280000000067E+03  0.457446251235789E+05  0.249394322917422E+06
0.174000000000047E-06 0.263260000000070E+03  0.465355171743220E+05  0.249771310698764E+06
0.176000000000049E-06 0.266240000000074E+03  0.466242598784476E+05  0.248247651603062E+06
0.178000000000052E-06 0.269220000000077E+03  0.441725453216099E+05  0.236982449491663E+06
0.180000000000054E-06 0.272200000000080E+03  0.494471289039271E+05  0.230228341314134E+06
0.182000000000056E-06 0.275180000000084E+03  0.455822314361290E+05  0.233811538834345E+06
0.184000000000058E-06 0.278160000000087E+03  0.451291937683833E+05  0.222500464334918E+06
0.186000000000061E-06 0.281140000000090E+03  0.521059381028513E+05  0.217331838707690E+06
0.188000000000063E-06 0.284120000000094E+03  0.511403104016077E+05  0.210791015503517E+06
0.190000000000065E-06 0.287100000000097E+03  0.453712939057224E+05  0.208445132780018E+06
0.192000000000067E-06 0.290080000000101E+03  0.458804605822498E+05  0.210268793491854E+06
0.194000000000070E-06 0.293060000000104E+03  0.514345645381579E+05  0.204835260155587E+06
0.196000000000072E-06 0.296040000000107E+03  0.465986327696277E+05  0.205001127418794E+06
0.198000000000074E-06 0.299020000000111E+03  0.420923873743256E+05  0.196100402417952E+06
0.200000000000077E-06 0.302000000000114E+03  0.519540161393224E+05  0.188898836291623E+06
0.202000000000079E-06 0.304980000000117E+03  0.565556055682025E+05  0.178776836501859E+06
0.204000000000081E-06 0.307960000000121E+03  0.631255772965030E+05  0.179431485717904E+06
0.206000000000083E-06 0.310940000000124E+03  0.560952580120760E+05  0.181492350956127E+06
0.208000000000086E-06 0.313920000000128E+03  0.525172635292965E+05  0.173027951239027E+06
0.210000000000088E-06 0.316900000000131E+03  0.565214446670696E+05  0.161864879406998E+06
0.212000000000090E-06 0.319880000000134E+03  0.580149064181555E+05  0.166905235288288E+06
0.214000000000092E-06 0.322860000000138E+03  0.590211839161673E+05  0.151066617370314E+06
0.216000000000095E-06 0.325840000000141E+03  0.555257285621157E+05  0.157540500562507E+06
0.218000000000097E-06 0.328820000000144E+03  0.573234399312055E+05  0.156009186861100E+06
0.220000000000099E-06 0.331800000000148E+03  0.592096835671767E+05  0.151434408673081E+06
0.222000000000101E-06 0.334780000000151E+03  0.612209706606900E+05  0.146992196672721E+06
0.224000000000104E-06 0.337760000000155E+03  0.589888800691792E+05  0.142684996917572E+06
0.226000000000106E-06 0.340740000000158E+03  0.690199829080041E+05  0.137434219718004E+06
0.228000000000108E-06 0.343720000000161E+03  0.630706117675150E+05  0.129720785301827E+06
0.230000000000111E-06 0.346700000000165E+03  0.664007585813299E+05  0.125372684843092E+06
0.232000000000113E-06 0.349680000000168E+03  0.615999897560848E+05  0.121244876922135E+06
0.234000000000115E-06 0.352660000000171E+03  0.579210859600971E+05  0.124897301316881E+06
0.236000000000117E-06 0.355640000000175E+03  0.662557698957846E+05  0.114323800895986E+06
0.238000000000120E-06 0.358620000000178E+03  0.525305208796551E+05  0.116642374948666E+06
0.240000000000122E-06 0.361600000000182E+03  0.608646179983751E+05  0.112217582178896E+06
0.242000000000124E-06 0.364580000000185E+03  0.591738246009163E+05  0.112621213154434E+06
0.244000000000126E-06 0.367560000000188E+03  0.519791707225166E+05  0.105794885941165E+06
0.246000000000129E-06 0.370540000000192E+03  0.525325067200735E+05  0.103643396953457E+06
0.248000000000131E-06 0.373520000000195E+03  0.535813858616276E+05  0.971618082826773E+05
0.250000000000133E-06 0.376500000000198E+03  0.578564532714969E+05  0.919539861450007E+05
0.252000000000136E-06 0.379480000000202E+03  0.539910790798595E+05  0.895271480938751E+05
0.254000000000138E-06 0.382460000000205E+03  0.591091511642722E+05  0.857415505221263E+05
0.256000000000140E-06 0.385440000000209E+03  0.608482368226761E+05  0.916294783504068E+05
0.258000000000142E-06 0.388420000000212E+03  0.696991898462186E+05  0.801400090010167E+05
0.260000000000145E-06 0.391400000000215E+03  0.647684818905273E+05  0.819293063877004E+05
0.262000000000147E-06 0.394380000000219E+03  0.675701713287784E+05  0.783672274183080E+05
0.264000000000149E-06 0.397360000000222E+03  0.673288124044934E+05  0.689363603224446E+05
0.266000000000151E-06 0.400340000000226E+03  0.630363425292946E+05  0.793012694057450E+05
0.268000000000154E-06 0.403320000000229E+03  0.565226977679464E+05  0.626989754366320E+05
0.270000000000156E-06 0.406300000000232E+03  0.585613776866820E+05  0.692326818677402E+05
0.272000000000158E-06 0.409280000000236E+03  0.606864519350068E+05  0.681968308165410E+05
0.274000000000160E-06 0.412260000000239E+03  0.614803130184900E+05  0.653918754819959E+05
0.276000000000163E-06 0.415240000000243E+03  0.641180457788823E+05  0.716424387997816E+05
0.278000000000165E-06 0.418220000000246E+03  0.664039163550286E+05  0.689155431160487E+05
0.280000000000167E-06 0.421200000000249E+03  0.558239278631422E+05  0.665775586337579E+05
0.282000000000170E-06 0.424180000000253E+03  0.690496592144790E+05  0.664062848844949E+05
0.284000000000172E-06 0.427160000000256E+03  0.668399040566837E+05  0.745074403492186E+05
0.286000000000174E-06 0.430140000000259E+03  0.706764212343664E+05  0.592210684418101E+05
0.288000000000176E-06 0.433120000000263E+03  0.615499615707979E+05  0.627466459831311E+05
0.290000000000179E-06 0.436100000000266E+03  0.586126169760703E+05  0.592385765945499E+05
0.292000000000181E-06 0.439080000000269E+03  0.746549482085622E+05  0.641524320019887E+05
0.294000000000183E-06 0.442060000000273E+03  0.625668182686807E+05  0.659999791102368E+05
0.296000000000185E-06 0.445040000000276E+03  0.660708412424707E+05  0.580211370889074E+05
0.298000000000188E-06 0.448020000000280E+03  0.668937186624674E+05  0.664104956415134E+05
0.300000000000190E-06 0.451000000000283E+03  0.741175934080638E+05  0.529391527723710E+05
0.302000000000192E-06 0.453980000000286E+03  0.706572951352122E+05  0.507813309772823E+05
0.304000000000194E-06 0.456960000000290E+03  0.605127240224912E+05  0.509091209610534E+05
0.306000000000197E-06 0.459940000000293E+03  0.674107777373599E+05  0.495737902650649E+05
0.308000000000199E-06 0.462920000000297E+03  0.636302588047866E+05  0.455159191945004E+05
0.310000000000201E-06 0.465900000000300E+03  0.694980655089340E+05  0.387770702449096E+05
0.312000000000204E-06 0.468880000000303E+03  0.642789945076924E+05  0.426701761119116E+05
0.314000000000206E-06 0.471860000000307E+03  0.628435792114790E+05  0.535945854113175E+05
0.316000000000208E-06 0.474840000000310E+03  0.550270114754831E+05  0.330089696070750E+05
0.318000000000210E-06 0.477820000000313E+03  0.464446197390705E+05  0.487034109982836E+05
0.320000000000213E-06 0.480800000000317E+03  0.480477612063662E+05  0.414637802565901E+05
0.322000000000215E-06 0.483780000000320E+03  0.435760796939487E+05  0.394276570898485E+05
0.324000000000217E-06 0.486760000000324E+03  0.604699261048911E+05  0.341770177723146E+05
0.326000000000219E-06 0.489740000000327E+03  0.501556305431703E+05  0.218639627930177E+05
0.328000000000222E-06 0.492720000000330E+03  0.415773995997561E+05  0.325173128896243E+05
0.330000000000224E-06 0.495700000000334E+03  0.407165822925435E+05  0.487974706394116E+05
0.332000000000226E-06 0.498680000000337E+03  0.391932976874421E+05  0.446624687037670E+05
0.334000000000228E-06 0.501660000000340E+03  0.346901958510514E+05  0.425453627227961E+05
0.336000000000231E-06 0.504640000000344E+03  0.347045029617751E+05  0.337504810324843E+05
0.338000000000233E-06 0.507620000000347E+03  0.308893960856505E+05  0.475915789094497E+05
0.340000000000235E-06 0.510600000000351E+03  0.534739887870226E+05  0.457770373965957E+05
0.342000000000238E-06 0.513580000000354E+03  0.458854561113947E+05  0.534081887806644E+05
0.344000000000240E-06 0.516560000000357E+03  0.371870386071745E+05  0.682461730212559E+05
0.346000000000242E-06 0.519540000000361E+03  0.387865849158772E+05  0.558169544200064E+05
0.348000000000244E-06 0.522520000000364E+03  0.332622963446691E+05  0.405554728001232E+05
0.350000000000247E-06 0.525500000000368E+03  0.358113082721224E+05  0.426470393374500E+05
0.352000000000249E-06 0.528480000000371E+03  0.485590423123040E+05  0.437365913121322E+05
0.354000000000251E-06 0.531460000000374E+03  0.440427279201965E+05  0.412786641644177E+05
0.356000000000253E-06 0.534440000000378E+03  0.432490927462933E+05  0.440613232621980E+05
0.358000000000256E-06 0.537420000000381E+03  0.331335710457670E+05  0.469340044456957E+05
0.360000000000258E-06 0.540400000000384E+03  0.442460575878803E+05  0.531020603531707E+05
0.362000000000260E-06 0.543380000000388E+03  0.443155803424433E+05  0.404808011671848E+05
0.364000000000263E-06 0.546360000000391E+03  0.413214518789077E+05  0.434376350818827E+05
0.366000000000265E-06 0.549340000000395E+03  0.411399907714870E+05  0.276146327873932E+05
0.368000000000267E-06 0.552320000000398E+03  0.419798599438726E+05  0.295855080155101E+05
0.370000000000269E-06 0.555300000000401E+03  0.460180957311406E+05  0.416603761194851E+05
0.372000000000272E-06 0.558280000000405E+03  0.416207114133685E+05  0.411953447066217E+05
0.374000000000274E-06 0.561260000000408E+03  0.350126445767968E+05  0.402010434527595E+05
0.376000000000276E-06 0.564240000000411E+03  0.393512476769167E+05  0.451890668230162E+05
0.378000000000278E-06 0.567220000000415E+03  0.399433201491214E+05  0.602202970545749E+05
0.380000000000281E-06 0.570200000000418E+03  0.433669074076280E+05  0.482889906679975E+05
0.382000000000283E-06 0.573180000000422E+03  0.270755085025595E+05  0.376225412823778E+05
0.384000000000285E-06 0.576160000000425E+03  0.286703976709782E+05  0.388106590721933E+05
0.386000000000287E-06 0.579140000000428E+03  0.337008419435866E+05  0.359586416043524E+05
0.388000000000290E-06 0.582120000000432E+03  0.486918559608971E+05  0.203403351496835E+05
0.390000000000292E-06 0.585100000000435E+03  0.416001215490162E+05  0.305498845094003E+05
0.392000000000294E-06 0.588080000000439E+03  0.435808178437536E+05  0.336810329789110E+05
0.394000000000297E-06 0.591060000000442E+03  0.394923359878532E+05  0.358572228883421E+05
0.396000000000299E-06 0.594040000000445E+03  0.409970367406263E+05  0.344687460014466E+05
0.398000000000301E-06 0.597020000000449E+03  0.357509450305562E+05  0.388089231325018E+05
0.400000000000303E-06 0.600000000000452E+03  0.536960358135288E+05  0.534097774048211E+05
